300 , 940.3659512022349
301 , 940.53912184539
302 , 940.7138187558996
303 , 940.8900327242061
304 , 941.0677545614627
305 , 941.2469750995348
306 , 941.4276851909997
307 , 941.609875709146
308 , 941.7935375479744
309 , 941.9786616221968
310 , 942.1652388672373
311 , 942.353260239231
312 , 942.5427167150259
313 , 942.7335992921804
314 , 942.9258989889652
315 , 943.1196068443631
316 , 943.3147139180678
317 , 943.5112112904851
318 , 943.7090900627325
319 , 943.9083413566392
320 , 944.1089563147457
321 , 944.3109261003051
322 , 944.5142418972814
323 , 944.7188949103505
324 , 944.9248763649
325 , 945.1321775070296
326 , 945.34078960355
327 , 945.5507039419841
328 , 945.7619118305663
329 , 945.9744045982426
330 , 946.1881735946712
331 , 946.4032101902213
332 , 946.6195057759743
333 , 946.8370517637229
334 , 947.055839585972
335 , 947.2758606959383
336 , 947.497106567549
337 , 947.7195686954443
338 , 947.9432385949757
339 , 948.1681078022061
340 , 948.3941678739105
341 , 948.6214103875752
342 , 948.8498269413989
343 , 949.0794091542909
344 , 949.3101486658733
345 , 949.5420371364795
346 , 949.7750662471541
347 , 950.0092276996539
348 , 950.2445132164476
349 , 950.4809145407149
350 , 950.7184234363481
351 , 950.9570316879502
352 , 951.1967311008372
353 , 951.437513501035
354 , 951.679370735283
355 , 951.9222946710312
356 , 952.1662771964417
357 , 952.4113102203879
358 , 952.6573856724556
359 , 952.9044955029418
360 , 953.1526316828551
361 , 953.4017862039162
362 , 953.6519510785572
363 , 953.9031183399223
364 , 954.1552800418668
365 , 954.408428258958
366 , 954.6625550864749
367 , 954.9176526404085
368 , 955.1737130574605
369 , 955.4307284950455
370 , 955.6886911312896
371 , 955.9475931650297
372 , 956.2074268158151
373 , 956.468184323907
374 , 956.7298579502776
375 , 956.9924399766116
376 , 957.2559227053041
377 , 957.520298459464
378 , 957.7855595829099
379 , 958.0516984401733
380 , 958.3187074164965
381 , 958.5865789178342
382 , 958.8553053708528
383 , 959.1248792229298
384 , 959.3952929421552
385 , 959.6665390173295
386 , 959.9386099579667
387 , 960.2114982942905
388 , 960.4851965772382
389 , 960.7596973784573
390 , 961.0349932903074
391 , 961.3110769258604
392 , 961.5879409188993
393 , 961.8655779239189
394 , 962.1439806161256
395 , 962.423141691438
396 , 962.7030538664861
397 , 962.9837098786112
398 , 963.2651024858666
399 , 963.5472244670178
400 , 963.8300686215413
401 , 964.1136277696255
402 , 964.3978947521709
403 , 964.6828624307888
404 , 964.968523687803
405 , 965.254871426249
406 , 965.5418985698731
407 , 965.8295980631344
408 , 966.1179628712035
409 , 966.406985979962
410 , 966.6966603960037
411 , 966.9869791466342
412 , 967.2779352798706
413 , 967.5695218644413
414 , 967.8617319897874
415 , 968.154558766061
416 , 968.4479953241256
417 , 968.7420348155576
418 , 969.0366704126437
419 , 969.3318953083835
420 , 969.6277027164871
421 , 969.9240858713772
422 , 970.2210380281878
423 , 970.5185524627649
424 , 970.8166224716658
425 , 971.1152413721602
426 , 971.4144025022284
427 , 971.7140992205636
428 , 972.0143249065696
429 , 972.315072960363
430 , 972.6163368027707
431 , 972.9181098753324
432 , 973.2203856402999
433 , 973.5231575806351
434 , 973.826419200013
435 , 974.1301640228196
436 , 974.434385594153
437 , 974.7390774798226
438 , 975.04423326635
439 , 975.349846560968
440 , 975.6559109916208
441 , 975.9624202069657
442 , 976.26936787637
443 , 976.5767476899142
444 , 976.8845533583896
445 , 977.192778613299
446 , 977.5014172068576
447 , 977.8104629119919
448 , 978.1199095223404
449 , 978.4297508522526
450 , 978.7399807367909
451 , 979.0505930317279
452 , 979.3615816135491
453 , 979.6729403794515
454 , 979.9846632473435
455 , 980.2967441558447
456 , 980.6091770642876
457 , 980.9219559527153
458 , 981.2350748218836
459 , 981.5485276932592
460 , 981.8623086090207
461 , 982.1764116320583
462 , 982.4908308459745
463 , 982.8055603550831
464 , 983.1205942844093
465 , 983.4359267796901
466 , 983.7515520073748
467 , 984.0674641546238
468 , 984.3836574293093
469 , 984.7001260600154
470 , 985.0168642960369
471 , 985.3338664073826
472 , 985.6511266847705
473 , 985.9686394396322
474 , 986.2863990041091
475 , 986.6043997310563
476 , 986.9226359940392
477 , 987.2411021873351
478 , 987.5597927259337
479 , 987.8787020455358
480 , 988.1978246025541
481 , 988.5171548741129
482 , 988.8366873580485
483 , 989.156416572908
484 , 989.4763370579516
485 , 989.7964433731497
486 , 990.1167300991856
487 , 990.4371918374537
488 , 990.7578232100603
489 , 991.0786188598235
490 , 991.3995734502726
491 , 991.7206816656492
492 , 992.0419382109061
493 , 992.3633378117082
494 , 992.6848752144318
495 , 993.0065451861649
496 , 993.3283425147076
497 , 993.6502620085718
498 , 993.9722984969794
499 , 994.2944468298668
500 , 994.61670187788
501 , 994.9390585323772
502 , 995.2615117054286
503 , 995.5840563298157
504 , 995.9066873590323
505 , 996.229399767283
506 , 996.552188549485
507 , 996.8750487212667
508 , 997.1979753189682
509 , 997.5209633996418
510 , 997.8440080410508
511 , 998.1671043416704
512 , 998.490247420688
513 , 998.8134324180015
514 , 999.1366544942222
515 , 999.4599088306718
516 , 999.7831906293841
517 , 1000.1064951131048
518 , 1000.4298175252908
519 , 1000.7531531301111
520 , 1001.0764972124465
521 , 1001.3998450778888
522 , 1001.7231920527427
523 , 1002.046533484023
524 , 1002.3698647394581
525 , 1002.6931812074861
526 , 1003.0164782972588
527 , 1003.3397514386376
528 , 1003.6629960821977
529 , 1003.986207699224
530 , 1004.3093817817152
531 , 1004.6325138423796
532 , 1004.9555994146386
533 , 1005.2786340526247
534 , 1005.6016133311826
535 , 1005.9245328458683
536 , 1006.247388212949
537 , 1006.570175069405
538 , 1006.8928890729268
539 , 1007.2155259019177
540 , 1007.5380812554923
541 , 1007.8605508534763
542 , 1008.1829304364084
543 , 1008.5052157655376
544 , 1008.8274026228258
545 , 1009.1494868109457
546 , 1009.4714641532826
547 , 1009.7933304939323
548 , 1010.1150816977031
549 , 1010.4367136501152
550 , 1010.7582222573996
551 , 1011.0796034465001
552 , 1011.4008531650712
553 , 1011.7219673814801
554 , 1012.0429420848046
555 , 1012.3637732848354
556 , 1012.6844570120736
557 , 1013.0049893177326
558 , 1013.325366273738
559 , 1013.6455839727264
560 , 1013.9656385280465
561 , 1014.2855260737581
562 , 1014.6052427646338
563 , 1014.9247847761569
564 , 1015.2441483045228
565 , 1015.5633295666383
566 , 1015.8823248001223
567 , 1016.2011302633056
568 , 1016.5197422352301
569 , 1016.838157015649
570 , 1017.1563709250287
571 , 1017.4743803045455
572 , 1017.7921815160893
573 , 1018.1097709422603
574 , 1018.4271449863706
575 , 1018.7443000724451
576 , 1019.0612326452184
577 , 1019.3779391701383
578 , 1019.6944161333641
579 , 1020.0106600417669
580 , 1020.3266674229284
581 , 1020.6424348251433
582 , 1020.9579588174179
583 , 1021.273235989469
584 , 1021.5882629517264
585 , 1021.9030363353311
586 , 1022.2175527921355
587 , 1022.5318089947041
588 , 1022.8458016363134
589 , 1023.1595274309509
590 , 1023.472983113316
591 , 1023.7861654388201
592 , 1024.099071183586
593 , 1024.4116971444482
594 , 1024.7240401389533
595 , 1025.0360970053594
596 , 1025.3478646026354
597 , 1025.6593398104633
598 , 1025.9705195292363
599 , 1026.281400680059
600 , 1026.5919802047479
601 , 1026.9022550658308
602 , 1027.212222246548
603 , 1027.5218787508513
604 , 1027.8312216034037
605 , 1028.14024784958
606 , 1028.4489545554675
607 , 1028.7573388078638
608 , 1029.0653977142795
609 , 1029.3731284029361
610 , 1029.680528022767
611 , 1029.9875937434178
612 , 1030.294322755245
613 , 1030.6007122693175
614 , 1030.9067595174154
615 , 1031.2124617520305
616 , 1031.5178162463665
617 , 1031.8228202943392
618 , 1032.127471210575
619 , 1032.4317663304132
620 , 1032.7357030099042
621 , 1033.0392786258099
622 , 1033.3424905756044
623 , 1033.645336277473
624 , 1033.947813170313
625 , 1034.2499187137337
626 , 1034.5516503880554
627 , 1034.853005694311
628 , 1035.1539821542435
629 , 1035.4545773103098
630 , 1035.7547887256765
631 , 1036.0546139842231
632 , 1036.3540506905406
633 , 1036.6530964699314
634 , 1036.9517489684094
635 , 1037.250005852701
636 , 1037.547864810244
637 , 1037.845323549187
638 , 1038.1423797983916
639 , 1038.4390313074305
640 , 1038.735275846588
641 , 1039.0311112068605
642 , 1039.326535199955
643 , 1039.6215456582922
644 , 1039.916140435003
645 , 1040.2103174039294
646 , 1040.5040744596272
647 , 1040.7974095173622
648 , 1041.0903205131124
649 , 1041.382805403568
650 , 1041.6748621661297
651 , 1041.966488798911
652 , 1042.2576833207368
653 , 1042.5484437711436
654 , 1042.838768210379
655 , 1043.1286547194038
656 , 1043.4181013998893
657 , 1043.7071063742187
658 , 1043.995667785487
659 , 1044.2837837975012
660 , 1044.5714525947794
661 , 1044.858672382552
662 , 1045.1454413867602
663 , 1045.431757854058
664 , 1045.7176200518109
665 , 1046.0030262680953
666 , 1046.2879748116998
667 , 1046.572464012125
668 , 1046.8564922195826
669 , 1047.1400578049966
670 , 1047.4231591600023
671 , 1047.705794696946
672 , 1047.9879628488882
673 , 1048.2696620695979
674 , 1048.550890833558
675 , 1048.8316476359619
676 , 1049.1119309927158
677 , 1049.3917394404366
678 , 1049.671071536453
679 , 1049.9499258588069
680 , 1050.2283010062492
681 , 1050.5061955982449
682 , 1050.783608274969
683 , 1051.0605376973099
684 , 1051.3369825468662
685 , 1051.612941525949
686 , 1051.8884133575812
687 , 1052.1633967854962
688 , 1052.43789057414
689 , 1052.7118935086717
690 , 1052.9854043949592
691 , 1053.2584220595843
692 , 1053.5309453498394
693 , 1053.802973133729
694 , 1054.0745042999695
695 , 1054.3455377579887
696 , 1054.616072437926
697 , 1054.886107290633
698 , 1055.155641287672
699 , 1055.4246734213182
700 , 1055.693202704558
701 , 1055.961228171089
702 , 1056.2287488753218
703 , 1056.4957638923768
704 , 1056.762272318088
705 , 1057.0282732689996
706 , 1057.2937658823682
707 , 1057.5587493161634
708 , 1057.8232227490632
709 , 1058.08718538046
710 , 1058.3506364304576
711 , 1058.6135751398704
712 , 1058.8760007702258
713 , 1059.1379126037616
714 , 1059.3993099434283
715 , 1059.6601921128877
716 , 1059.920558456513
717 , 1060.1804083393902
718 , 1060.4397411473155
719 , 1060.6985562867974
720 , 1060.956853185057
721 , 1061.214631290026
722 , 1061.4718900703483
723 , 1061.7286290153788
724 , 1061.9848476351847
725 , 1062.2405454605455
726 , 1062.4957220429508
727 , 1062.750376954604
728 , 1063.0045097884174
729 , 1063.2581201580183
730 , 1063.511207697743
731 , 1063.763772062641
732 , 1064.0158129284725
733 , 1064.2673299917103
734 , 1064.5183229695383
735 , 1064.7687915998522
736 , 1065.0187356412605
737 , 1065.2681548730814
738 , 1065.5170490953458
739 , 1065.7654181287965
740 , 1066.0132618148882
741 , 1066.2605800157867
742 , 1066.5073726143692
743 , 1066.7536395142251
744 , 1066.9993806396567
745 , 1067.2445959356755
746 , 1067.4892853680067
747 , 1067.7334489230861
748 , 1067.977086608062
749 , 1068.2201984507938
750 , 1068.4627844998527
751 , 1068.7048448245212
752 , 1068.946379514795
753 , 1069.1873886813798
754 , 1069.4278724556946
755 , 1069.6678309898678
756 , 1069.9072644567418
757 , 1070.1461730498695
758 , 1070.384556983516
759 , 1070.6224164926577
760 , 1070.8597518329827
761 , 1071.0965632808916
762 , 1071.3328511334953
763 , 1071.5686157086175
764 , 1071.8038573447934
765 , 1072.0385764012694
766 , 1072.2727732580047
767 , 1072.5064483156686
768 , 1072.7396019956439
769 , 1072.9722347400234
770 , 1073.2043470116123
771 , 1073.4359392939284
772 , 1073.6670120911995
773 , 1073.897565928367
774 , 1074.1276013510812
775 , 1074.3571189257075
776 , 1074.586119239321
777 , 1074.8146028997087
778 , 1075.0425705353687
779 , 1075.270022795513
780 , 1075.4969603500626
781 , 1075.7233838896523
782 , 1075.9492941256271
783 , 1076.174691790045
784 , 1076.3995776356744
785 , 1076.6239524359964
786 , 1076.8478169852037
787 , 1077.0711720981997
788 , 1077.2940186106011
789 , 1077.5163573787347
790 , 1077.7381892796402
791 , 1077.9595152110685
792 , 1078.1803360914826
793 , 1078.4006528600555
794 , 1078.6204664766744
795 , 1078.839777921937
796 , 1079.0585881971522
797 , 1079.2768983243413
798 , 1079.4947093462376
799 , 1079.712022326285
800 , 1079.9288383486405
801 , 1080.1451585181708
802 , 1080.3609839604565
803 , 1080.5763158217887
804 , 1080.7911552691705
805 , 1081.0055034903164
806 , 1081.219361693653
807 , 1081.432731108318
808 , 1081.6456129841622
809 , 1081.8580085917463
810 , 1082.0699192223435
811 , 1082.2813461879389
812 , 1082.4922908212288
813 , 1082.7027544756224
814 , 1082.9127385252389
815 , 1083.12224436491
816 , 1083.3312734101798
817 , 1083.5398270973024
818 , 1083.7479068832456
819 , 1083.9555142456875
820 , 1084.162650683018
821 , 1084.369317714339
822 , 1084.5755168794649
823 , 1084.78124973892
824 , 1084.9865178739421
825 , 1085.1913228864792
826 , 1085.3956663991921
827 , 1085.599550055453
828 , 1085.8029755193459
829 , 1086.0059444756655
830 , 1086.208458629919
831 , 1086.410519708326
832 , 1086.6121294578168
833 , 1086.8132896460336
834 , 1087.0140020613303
835 , 1087.2142685127728
836 , 1087.4140908301383
837 , 1087.6134708639163
838 , 1087.8124104853068
839 , 1088.010911586223
840 , 1088.2089760792887
841 , 1088.4066058978399
842 , 1088.603802995924
843 , 1088.8005693483005
844 , 1088.99690695044
845 , 1089.1928178185256
846 , 1089.3883039894517
847 , 1089.5833675208244
848 , 1089.7780104909605
849 , 1089.9722349988906
850 , 1090.1660431643556
851 , 1090.359437127808
852 , 1090.5524190504123
853 , 1090.7449911140454
854 , 1090.9371555212952
855 , 1091.1289144954605
856 , 1091.3202702805534
857 , 1091.5112251412966
858 , 1091.701781363125
859 , 1091.8919412521857
860 , 1092.0817071353351
861 , 1092.271081360145
862 , 1092.4600662948956
863 , 1092.648664328581
864 , 1092.8368778709057
865 , 1093.024709352286
866 , 1093.2121612238514
867 , 1093.3992359574404
868 , 1093.585936045606
869 , 1093.7722640016111
870 , 1093.9582223594307
871 , 1094.1438136737522
872 , 1094.3290405199734
873 , 1094.5139054942051
874 , 1094.698411213269
875 , 1094.8825603146986
876 , 1095.0663554567393
877 , 1095.2497993183486
878 , 1095.432894599195
879 , 1095.6156440196585
880 , 1095.7980503208314
881 , 1095.9801162645174
882 , 1096.1618446332325
883 , 1096.3432382302037
884 , 1096.5242998793697
885 , 1096.7050324253814
886 , 1096.8854387336007
887 , 1097.065521690102
888 , 1097.245284201671
889 , 1097.4247291958052
890 , 1097.6038596207134
891 , 1097.7826784453164
892 , 1097.961188659247
893 , 1098.1393932728492
894 , 1098.3172953171786
895 , 1098.494897844004
896 , 1098.6722039258032
897 , 1098.8492166557676
898 , 1099.0259391478005
899 , 1099.2023745365157
900 , 1099.3785259772403
901 , 1099.554396646011
902 , 1099.729989739577
903 , 1099.905308475401
904 , 1100.0803560916543
905 , 1100.2551358472228
906 , 1100.4296510217014
907 , 1100.6039049153997
908 , 1100.7779008493362
909 , 1100.9516421652422
910 , 1101.125132225562
911 , 1101.2983744134492
912 , 1101.471372132771
913 , 1101.6441288081041
914 , 1101.816647884741
915 , 1101.9889328286808
916 , 1102.160987126639
917 , 1102.332814286038
918 , 1102.504417835017
919 , 1102.6758013224223
920 , 1102.8469683178155
921 , 1103.0179224114677
922 , 1103.188667214362
923 , 1103.3592063581946
924 , 1103.529543495371
925 , 1103.6996822990106
926 , 1103.8696264629443
927 , 1104.0393797017123
928 , 1104.2089457505704
929 , 1104.378328365482
930 , 1104.5475313231254
931 , 1104.7165584208888
932 , 1104.8854134768728
933 , 1105.0541003298895
934 , 1105.2226228394634
935 , 1105.3909848858284
936 , 1105.5591903699335
937 , 1105.7272432134364
938 , 1105.8951473587092
939 , 1106.0629067688333
940 , 1106.2305254276018
941 , 1106.398007339522
942 , 1106.5653565298107
943 , 1106.7325770443974
944 , 1106.8996729499222
945 , 1107.0666483337388
946 , 1107.2335073039103
947 , 1107.4002539892126
948 , 1107.5668925391344
949 , 1107.7334271238742
950 , 1107.8998619343427
951 , 1108.0662011821632
952 , 1108.232449099671
953 , 1108.3986099399112
954 , 1108.5646879766416
955 , 1108.7306875043316
956 , 1108.8966128381628
957 , 1109.0624683140284
958 , 1109.2282582885323
959 , 1109.3939871389914
960 , 1109.5596592634333
961 , 1109.7252790805976
962 , 1109.8908510299364
963 , 1110.0563795716123
964 , 1110.2218691865005
965 , 1110.3873243761868
966 , 1110.5527496629697
967 , 1110.7181495898596
968 , 1110.883528720578
969 , 1111.0488916395575
970 , 1111.214242951944
971 , 1111.3795872835942
972 , 1111.5449292810747
973 , 1111.7102736116678
974 , 1111.8756249633643
975 , 1112.0409880448683
976 , 1112.2063675855943
977 , 1112.371768335669
978 , 1112.537195065932
979 , 1112.7026525679332
980 , 1112.8681456539339
981 , 1113.0336791569086
982 , 1113.1992579305427
983 , 1113.3648868492326
984 , 1113.530570808088
985 , 1113.696314722928
986 , 1113.862123530286
987 , 1114.0280021874055
988 , 1114.1939556722427
989 , 1114.3599889834645
990 , 1114.5261071404484
991 , 1114.692315183287
992 , 1114.8586181727824
993 , 1115.0250211904481
994 , 1115.1915293385096
995 , 1115.3581477399057
996 , 1115.524881538284
997 , 1115.691735898006
998 , 1115.8587160041448
999 , 1116.0258270624843
1000 , 1116.1930742995198
1001 , 1116.3283905388867
1002 , 1116.463569754231
1003 , 1116.5986112367807
1004 , 1116.733515182187
1005 , 1116.8682817859635
1006 , 1117.0029112434852
1007 , 1117.1374037499884
1008 , 1117.2717595005722
1009 , 1117.405978690196
1010 , 1117.5400615136812
1011 , 1117.6740081657108
1012 , 1117.8078188408304
1013 , 1117.9414937334454
1014 , 1118.0750330378244
1015 , 1118.2084369480965
1016 , 1118.3417056582537
1017 , 1118.4748393621483
1018 , 1118.6078382534952
1019 , 1118.74070252587
1020 , 1118.873432372711
1021 , 1119.0060279873169
1022 , 1119.1384895628494
1023 , 1119.270817292331
1024 , 1119.4030113686451
1025 , 1119.535071984539
1026 , 1119.6669993326186
1027 , 1119.7987936053541
1028 , 1119.9304549950757
1029 , 1120.0619836939763
1030 , 1120.1933798941093
1031 , 1120.3246437873904
1032 , 1120.455775565597
1033 , 1120.5867754203678
1034 , 1120.7176435432034
1035 , 1120.8483801254652
1036 , 1120.9789853583782
1037 , 1121.1094594330266
1038 , 1121.2398025403577
1039 , 1121.3700148711803
1040 , 1121.500096616164
1041 , 1121.6300479658416
1042 , 1121.7598691106055
1043 , 1121.889560240711
1044 , 1122.0191215462753
1045 , 1122.1485532172765
1046 , 1122.277855443554
1047 , 1122.4070284148102
1048 , 1122.5360723206072
1049 , 1122.664987350371
1050 , 1122.793773693387
1051 , 1122.9224315388035
1052 , 1123.0509610756308
1053 , 1123.17936249274
1054 , 1123.3076359788627
1055 , 1123.435781722595
1056 , 1123.5637999123926
1057 , 1123.6916907365728
1058 , 1123.8194543833154
1059 , 1123.9470910406612
1060 , 1124.0746008965134
1061 , 1124.2019841386355
1062 , 1124.3292409546539
1063 , 1124.456371532056
1064 , 1124.5833760581907
1065 , 1124.710254720269
1066 , 1124.837007705363
1067 , 1124.963635200407
1068 , 1125.0901373921963
1069 , 1125.2165144673886
1070 , 1125.3427666125021
1071 , 1125.4688940139183
1072 , 1125.5948968578784
1073 , 1125.720775330486
1074 , 1125.8465296177078
1075 , 1125.9721599053694
1076 , 1126.0976663791594
1077 , 1126.2230492246288
1078 , 1126.3483086271888
1079 , 1126.4734447721137
1080 , 1126.5984578445377
1081 , 1126.7233480294578
1082 , 1126.8481155117327
1083 , 1126.972760476082
1084 , 1127.097283107087
1085 , 1127.2216835891911
1086 , 1127.3459621066997
1087 , 1127.4701188437787
1088 , 1127.5941539844555
1089 , 1127.7180677126214
1090 , 1127.8418602120264
1091 , 1127.965531666284
1092 , 1128.0890822588685
1093 , 1128.2125121731167
1094 , 1128.3358215922253
1095 , 1128.4590106992543
1096 , 1128.5820796771252
1097 , 1128.7050287086201
1098 , 1128.827857976383
1099 , 1128.9505676629208
1100 , 1129.0731579506
1101 , 1129.1956290216508
1102 , 1129.3179810581628
1103 , 1129.4402142420888
1104 , 1129.5623287552437
1105 , 1129.684324779302
1106 , 1129.8062024958017
1107 , 1129.9279620861414
1108 , 1130.0496037315816
1109 , 1130.1711276132444
1110 , 1130.2925339121134
1111 , 1130.4138228090346
1112 , 1130.5349944847146
1113 , 1130.6560491197217
1114 , 1130.7769868944868
1115 , 1130.8978079893013
1116 , 1131.0185125843188
1117 , 1131.1391008595544
1118 , 1131.259572994885
1119 , 1131.379929170049
1120 , 1131.500169564646
1121 , 1131.620294358138
1122 , 1131.740303729848
1123 , 1131.860197858961
1124 , 1131.9799769245233
1125 , 1132.099641105443
1126 , 1132.21919058049
1127 , 1132.3386255282953
1128 , 1132.4579461273524
1129 , 1132.5771525560156
1130 , 1132.6962449925009
1131 , 1132.815223614886
1132 , 1132.9340886011112
1133 , 1133.0528401289769
1134 , 1133.1714783761458
1135 , 1133.2900035201424
1136 , 1133.4084157383525
1137 , 1133.5267152080237
1138 , 1133.6449021062654
1139 , 1133.7629766100483
1140 , 1133.8809388962045
1141 , 1133.998789141429
1142 , 1134.1165275222756
1143 , 1134.2341542151635
1144 , 1134.351669396371
1145 , 1134.4690732420386
1146 , 1134.586365928168
1147 , 1134.7035476306235
1148 , 1134.8206185251306
1149 , 1134.937578787276
1150 , 1135.0544285925084
1151 , 1135.1711681161382
1152 , 1135.2877975333377
1153 , 1135.4043170191394
1154 , 1135.520726748439
1155 , 1135.6370268959938
1156 , 1135.7532176364218
1157 , 1135.8692991442024
1158 , 1135.9852715936777
1159 , 1136.1011351590514
1160 , 1136.2168900143874
1161 , 1136.3325363336135
1162 , 1136.4480742905162
1163 , 1136.563504058747
1164 , 1136.6788258118154
1165 , 1136.7940397230961
1166 , 1136.909145965823
1167 , 1137.024144713092
1168 , 1137.1390361378615
1169 , 1137.2538204129503
1170 , 1137.3684977110406
1171 , 1137.483068204674
1172 , 1137.5975320662556
1173 , 1137.7118894680511
1174 , 1137.8261405821881
1175 , 1137.9402855806557
1176 , 1138.0543246353045
1177 , 1138.1682579178478
1178 , 1138.2820855998596
1179 , 1138.3958078527742
1180 , 1138.5094248478902
1181 , 1138.6229367563665
1182 , 1138.7363437492231
1183 , 1138.8496459973428
1184 , 1138.9628436714688
1185 , 1139.0759369422071
1186 , 1139.1889259800246
1187 , 1139.3018109552497
1188 , 1139.414592038073
1189 , 1139.5272693985464
1190 , 1139.6398432065832
1191 , 1139.752313631959
1192 , 1139.8646808443102
1193 , 1139.9769450131353
1194 , 1140.0891063077947
1195 , 1140.2011648975092
1196 , 1140.3131209513633
1197 , 1140.424974638301
1198 , 1140.5367261271292
1199 , 1140.6483755865156
1200 , 1140.7599231849906
1201 , 1140.871369090945
1202 , 1140.9827134726322
1203 , 1141.0939564981672
1204 , 1141.2050983355255
1205 , 1141.3161391525452
1206 , 1141.427079116926
1207 , 1141.537918396229
1208 , 1141.648657157877
1209 , 1141.7592955691541
1210 , 1141.8698337972062
1211 , 1141.9802720090418
1212 , 1142.090610371529
1213 , 1142.2008490513997
1214 , 1142.3109882152455
1215 , 1142.421028029521
1216 , 1142.530968660542
1217 , 1142.6408102744851
1218 , 1142.7505530373908
1219 , 1142.8601971151577
1220 , 1142.9697426735497
1221 , 1143.0791898781902
1222 , 1143.1885388945639
1223 , 1143.2977898880188
1224 , 1143.406943023763
1225 , 1143.5159984668674
1226 , 1143.6249563822637
1227 , 1143.7338169347454
1228 , 1143.8425802889676
1229 , 1143.9512466094475
1230 , 1144.059816060563
1231 , 1144.1682888065545
1232 , 1144.2766650115238
1233 , 1144.3849448394342
1234 , 1144.4931284541103
1235 , 1144.6012160192388
1236 , 1144.7092076983683
1237 , 1144.8171036549081
1238 , 1144.9249040521297
1239 , 1145.0326090531662
1240 , 1145.1402188210125
1241 , 1145.2477335185245
1242 , 1145.3551533084203
1243 , 1145.4624783532795
1244 , 1145.5697088155434
1245 , 1145.676844857514
1246 , 1145.7838866413567
1247 , 1145.8908343290968
1248 , 1145.9976880826225
1249 , 1146.1044480636829
1250 , 1146.2111144338885
1251 , 1146.3176873547127
1252 , 1146.4241669874884
1253 , 1146.5305534934125
1254 , 1146.6368470335415
1255 , 1146.7430477687951
1256 , 1146.8491558599535
1257 , 1146.955171467659
1258 , 1147.0610947524158
1259 , 1147.1669258745892
1260 , 1147.2726649944061
1261 , 1147.3783122719553
1262 , 1147.4838678671874
1263 , 1147.589331939914
1264 , 1147.6947046498096
1265 , 1147.799986156408
1266 , 1147.9051766191076
1267 , 1148.0102761971655
1268 , 1148.1152850497026
1269 , 1148.2202033357007
1270 , 1148.3250312140028
1271 , 1148.4297688433137
1272 , 1148.5344163822
1273 , 1148.6389739890906
1274 , 1148.743441822275
1275 , 1148.847820039904
1276 , 1148.9521087999915
1277 , 1149.056308260412
1278 , 1149.1604185789013
1279 , 1149.2644399130575
1280 , 1149.368372420341
1281 , 1149.4722162580724
1282 , 1149.5759715834342
1283 , 1149.6796385534712
1284 , 1149.7832173250895
1285 , 1149.8867080550565
1286 , 1149.990110900002
1287 , 1150.093426016416
1288 , 1150.196653560652
1289 , 1150.2997936889237
1290 , 1150.4028465573074
1291 , 1150.5058123217398
1292 , 1150.60869113802
1293 , 1150.7114831618087
1294 , 1150.814188548629
1295 , 1150.916807453864
1296 , 1151.0193400327591
1297 , 1151.121786440422
1298 , 1151.224146831821
1299 , 1151.3264213617867
1300 , 1151.4286101850112
1301 , 1151.530713456048
1302 , 1151.6327313293125
1303 , 1151.7346639590817
1304 , 1151.8365114994933
1305 , 1151.9382741045483
1306 , 1152.0399519281082
1307 , 1152.1415451238963
1308 , 1152.2430538454976
1309 , 1152.3444782463582
1310 , 1152.4458184797877
1311 , 1152.5470746989545
1312 , 1152.648247056891
1313 , 1152.74933570649
1314 , 1152.8503408005063
1315 , 1152.9512624915558
1316 , 1153.052100932117
1317 , 1153.1528562745295
1318 , 1153.2535286709942
1319 , 1153.3541182735742
1320 , 1153.4546252341936
1321 , 1153.5550497046388
1322 , 1153.6553918365578
1323 , 1153.7556517814596
1324 , 1153.8558296907145
1325 , 1153.955925715556
1326 , 1154.0559400070783
1327 , 1154.1558727162364
1328 , 1154.2557239938487
1329 , 1154.3554939905937
1330 , 1154.4551828570118
1331 , 1154.554790743506
1332 , 1154.65431780034
1333 , 1154.7537641776391
1334 , 1154.8531300253908
1335 , 1154.9524154934436
1336 , 1155.051620731508
1337 , 1155.1507458891565
1338 , 1155.2497911158218
1339 , 1155.3487565608002
1340 , 1155.447642373248
1341 , 1155.5464487021836
1342 , 1155.645175696488
1343 , 1155.7438235049021
1344 , 1155.8423922760296
1345 , 1155.9408821583359
1346 , 1156.0392933001467
1347 , 1156.1376258496514
1348 , 1156.2358799548988
1349 , 1156.3340557638012
1350 , 1156.4321534241317
1351 , 1156.5301730835247
1352 , 1156.6281148894768
1353 , 1156.7259789893455
1354 , 1156.823765530351
1355 , 1156.9214746595749
1356 , 1157.0191065239587
1357 , 1157.1166612703084
1358 , 1157.2141390452891
1359 , 1157.311539995429
1360 , 1157.4088642671172
1361 , 1157.506112006605
1362 , 1157.6032833600048
1363 , 1157.7003784732906
1364 , 1157.7973974922984
1365 , 1157.894340562726
1366 , 1157.9912078301322
1367 , 1158.0879994399377
1368 , 1158.1847155374248
1369 , 1158.281356267738
1370 , 1158.3779217758818
1371 , 1158.4744122067243
1372 , 1158.570827704994
1373 , 1158.6671684152818
1374 , 1158.7634344820387
1375 , 1158.8596260495794
1376 , 1158.955743262079
1377 , 1159.0517862635743
1378 , 1159.1477551979635
1379 , 1159.2436502090075
1380 , 1159.3394714403275
1381 , 1159.4352190354073
1382 , 1159.5308931375916
1383 , 1159.6264938900879
1384 , 1159.7220214359638
1385 , 1159.8174759181488
1386 , 1159.912857479435
1387 , 1160.008166262476
1388 , 1160.103402409786
1389 , 1160.198566063741
1390 , 1160.2936573665797
1391 , 1160.388676460402
1392 , 1160.483623487168
1393 , 1160.578498588702
1394 , 1160.6733019066876
1395 , 1160.7680335826717
1396 , 1160.8626937580611
1397 , 1160.9572825741252
1398 , 1161.051800171996
1399 , 1161.146246692666
1400 , 1161.2406222769882
1401 , 1161.3349270656797
1402 , 1161.4291611993178
1403 , 1161.5233248183408
1404 , 1161.6174180630505
1405 , 1161.711441073609
1406 , 1161.8053939900399
1407 , 1161.8992769522292
1408 , 1161.9930900999238
1409 , 1162.0868335727325
1410 , 1162.1805075101265
1411 , 1162.274112051437
1412 , 1162.3676473358582
1413 , 1162.4611135024454
1414 , 1162.5545106901154
1415 , 1162.647839037647
1416 , 1162.7410986836805
1417 , 1162.8342897667171
1418 , 1162.927412425121
1419 , 1163.020466797117
1420 , 1163.1134530207917
1421 , 1163.2063712340937
1422 , 1163.2992215748325
1423 , 1163.3920041806798
1424 , 1163.4847191891693
1425 , 1163.5773667376948
1426 , 1163.6699469635137
1427 , 1163.762460003744
1428 , 1163.8549059953648
1429 , 1163.9472850752177
1430 , 1164.0395973800055
1431 , 1164.131843046293
1432 , 1164.2240222105065
1433 , 1164.3161350089329
1434 , 1164.4081815777224
1435 , 1164.500162052886
1436 , 1164.5920765702965
1437 , 1164.6839252656873
1438 , 1164.7757082746555
1439 , 1164.867425732658
1440 , 1164.9590777750134
1441 , 1165.0506645369032
1442 , 1165.14218615337
1443 , 1165.2336427593175
1444 , 1165.325034489511
1445 , 1165.4163614785778
1446 , 1165.5076238610075
1447 , 1165.59882177115
1448 , 1165.6899553432172
1449 , 1165.7810247112836
1450 , 1165.8720300092846
1451 , 1165.962971371016
1452 , 1166.0538489301375
1453 , 1166.1446628201693
1454 , 1166.2354131744926
1455 , 1166.3261001263515
1456 , 1166.4167238088507
1457 , 1166.5072843549574
1458 , 1166.5977818974998
1459 , 1166.6882165691668
1460 , 1166.7785885025119
1461 , 1166.868897829947
1462 , 1166.9591446837474
1463 , 1167.0493291960493
1464 , 1167.1394514988508
1465 , 1167.2295117240121
1466 , 1167.319510003254
1467 , 1167.4094464681596
1468 , 1167.4993212501736
1469 , 1167.589134480602
1470 , 1167.678886290613
1471 , 1167.7685768112353
1472 , 1167.858206173361
1473 , 1167.9477745077415
1474 , 1168.0372819449922
1475 , 1168.1267286155887
1476 , 1168.2161146498688
1477 , 1168.3054401780307
1478 , 1168.3947053301363
1479 , 1168.4839102361075
1480 , 1168.5730550257288
1481 , 1168.6621398286452
1482 , 1168.7511647743638
1483 , 1168.8401299922548
1484 , 1168.9290356115478
1485 , 1169.017881761335
1486 , 1169.1066685705703
1487 , 1169.1953961680688
1488 , 1169.2840646825082
1489 , 1169.3726742424262
1490 , 1169.4612249762242
1491 , 1169.5497170121635
1492 , 1169.6381504783674
1493 , 1169.7265255028212
1494 , 1169.8148422133718
1495 , 1169.9031007377273
1496 , 1169.9913012034579
1497 , 1170.0794437379955
1498 , 1170.167528468633
1499 , 1170.2555555225251
1500 , 1170.3435250266887
1501 , 1170.4314371080018
1502 , 1170.5192918932041
1503 , 1170.6070895088965
1504 , 1170.6948300815427
1505 , 1170.7825137374668
1506 , 1170.8701406028556
1507 , 1170.9577108037563
1508 , 1171.045224466079
1509 , 1171.1326817155943
1510 , 1171.220082677935
1511 , 1171.3074274785954
1512 , 1171.3947162429315
1513 , 1171.4819490961615
1514 , 1171.5691261633633
1515 , 1171.656247569479
1516 , 1171.7433134393104
1517 , 1171.8303238975216
1518 , 1171.9172790686387
1519 , 1172.0041790770483
1520 , 1172.0910240470002
1521 , 1172.1778141026039
1522 , 1172.2645493678324
1523 , 1172.3512299665194
1524 , 1172.4378560223608
1525 , 1172.5244276589121
1526 , 1172.6109449995934
1527 , 1172.6974081676847
1528 , 1172.7838172863273
1529 , 1172.8701724785258
1530 , 1172.9564738671443
1531 , 1173.0427215749103
1532 , 1173.1289157244119
1533 , 1173.215056438099
1534 , 1173.301143838284
1535 , 1173.3871780471393
1536 , 1173.4731591867003
1537 , 1173.5590873788628
1538 , 1173.6449627453862
1539 , 1173.7307854078888
1540 , 1173.816555487853
1541 , 1173.9022731066218
1542 , 1173.9879383853995
1543 , 1174.0735514452524
1544 , 1174.1591124071083
1545 , 1174.244621391757
1546 , 1174.3300785198494
1547 , 1174.415483911898
1548 , 1174.500837688278
1549 , 1174.5861399692242
1550 , 1174.6713908748352
1551 , 1174.7565905250694
1552 , 1174.8417390397487
1553 , 1174.9268365385549
1554 , 1175.011883141032
1555 , 1175.096878966586
1556 , 1175.1818241344843
1557 , 1175.2667187638556
1558 , 1175.3515629736908
1559 , 1175.436356882842
1560 , 1175.5211006100226
1561 , 1175.6057942738087
1562 , 1175.690437992637
1563 , 1175.7750318848066
1564 , 1175.8595760684775
1565 , 1175.9440706616715
1566 , 1176.028515782272
1567 , 1176.1129115480255
1568 , 1176.1972580765373
1569 , 1176.2815554852764
1570 , 1176.3658038915728
1571 , 1176.4500034126183
1572 , 1176.5341541654664
1573 , 1176.6182562670313
1574 , 1176.7023098340903
1575 , 1176.7863149832815
1576 , 1176.8702718311038
1577 , 1176.95418049392
1578 , 1177.0380410879523
1579 , 1177.1218537292852
1580 , 1177.2056185338656
1581 , 1177.2893356175007
1582 , 1177.3730050958611
1583 , 1177.4566270844768
1584 , 1177.5402016987414
1585 , 1177.6237290539082
1586 , 1177.7072092650947
1587 , 1177.7906424472774
1588 , 1177.8740287152957
1589 , 1177.9573681838515
1590 , 1178.0406609675063
1591 , 1178.123907180684
1592 , 1178.2071069376711
1593 , 1178.290260352615
1594 , 1178.3733675395242
1595 , 1178.456428612269
1596 , 1178.5394436845827
1597 , 1178.6224128700585
1598 , 1178.705336282152
1599 , 1178.7882140341803
1600 , 1178.8710462393224
1601 , 1178.9538330106182
1602 , 1179.0365744609699
1603 , 1179.119270703141
1604 , 1179.2019218497567
1605 , 1179.2845280133042
1606 , 1179.3670893061317
1607 , 1179.4496058404486
1608 , 1179.5320777283282
1609 , 1179.6145050817026
1610 , 1179.6968880123668
1611 , 1179.779226631978
1612 , 1179.861521052054
1613 , 1179.943771383975
1614 , 1180.0259777389813
1615 , 1180.1081402281777
1616 , 1180.1902589625274
1617 , 1180.2723340528576
1618 , 1180.3543656098557
1619 , 1180.4363537440715
1620 , 1180.518298565916
1621 , 1180.6002001856625
1622 , 1180.682058713445
1623 , 1180.7638742592599
1624 , 1180.8456469329644
1625 , 1180.9273768442777
1626 , 1181.0090641027812
1627 , 1181.0907088179174
1628 , 1181.1723110989901
1629 , 1181.2538710551653
1630 , 1181.3353887954704
1631 , 1181.4168644287945
1632 , 1181.498298063888
1633 , 1181.5796898093633
1634 , 1181.6610397736947
1635 , 1181.742348065217
1636 , 1181.8236147921277
1637 , 1181.9048400624858
1638 , 1181.986023984211
1639 , 1182.0671666650858
1640 , 1182.1482682127537
1641 , 1182.2293287347204
1642 , 1182.3103483383518
1643 , 1182.3913271308772
1644 , 1182.4722652193866
1645 , 1182.5531627108317
1646 , 1182.6340197120253
1647 , 1182.7148363296433
1648 , 1182.7956126702213
1649 , 1182.876348840159
1650 , 1182.9570449457146
1651 , 1183.0377010930106
1652 , 1183.1183173880295
1653 , 1183.1988939366167
1654 , 1183.2794308444777
1655 , 1183.3599282171813
1656 , 1183.440386160157
1657 , 1183.520804778695
1658 , 1183.6011841779493
1659 , 1183.681524462934
1660 , 1183.761825738525
1661 , 1183.8420881094596
1662 , 1183.922311680338
1663 , 1184.0024965556208
1664 , 1184.0826428396306
1665 , 1184.162750636551
1666 , 1184.2428200504282
1667 , 1184.3228511851705
1668 , 1184.4028441445455
1669 , 1184.4827990321849
1670 , 1184.5627159515805
1671 , 1184.6425950060864
1672 , 1184.7224362989184
1673 , 1184.8022399331528
1674 , 1184.8820060117293
1675 , 1184.961734637448
1676 , 1185.041425912971
1677 , 1185.1210799408213
1678 , 1185.2006968233854
1679 , 1185.2802766629093
1680 , 1185.3598195615018
1681 , 1185.439325621133
1682 , 1185.5187949436347
1683 , 1185.5982276307002
1684 , 1185.6776237838847
1685 , 1185.7569835046045
1686 , 1185.8363068941385
1687 , 1185.9155940536257
1688 , 1185.994845084068
1689 , 1186.074060086329
1690 , 1186.1532391611327
1691 , 1186.2323824090654
1692 , 1186.3114899305763
1693 , 1186.390561825974
1694 , 1186.4695981954296
1695 , 1186.5485991389767
1696 , 1186.6275647565092
1697 , 1186.7064951477832
1698 , 1186.7853904124167
1699 , 1186.8642506498888
1700 , 1186.943075959541
1701 , 1187.0218664405752
1702 , 1187.1006221920557
1703 , 1187.1793433129092
1704 , 1187.2580299019219
1705 , 1187.336682057744
1706 , 1187.4152998788854
1707 , 1187.4938834637187
1708 , 1187.5724329104783
1709 , 1187.6509483172588
1710 , 1187.729429782018
1711 , 1187.8078774025753
1712 , 1187.8862912766099
1713 , 1187.9646715016645
1714 , 1188.043018175143
1715 , 1188.1213313943106
1716 , 1188.1996112562938
1717 , 1188.2778578580812
1718 , 1188.3560712965236
1719 , 1188.4342516683323
1720 , 1188.5123990700808
1721 , 1188.590513598204
1722 , 1188.6685953489991
1723 , 1188.7466444186239
1724 , 1188.8246609030982
1725 , 1188.9026448983038
1726 , 1188.980596499984
1727 , 1189.0585158037431
1728 , 1189.1364029050478
1729 , 1189.2142578992264
1730 , 1189.292080881468
1731 , 1189.3698719468243
1732 , 1189.4476311902076
1733 , 1189.525358706393
1734 , 1189.6030545900164
1735 , 1189.6807189355757
1736 , 1189.7583518374304
1737 , 1189.835953389801
1738 , 1189.9135236867703
1739 , 1189.9910628222824
1740 , 1190.0685708901435
1741 , 1190.1460479840216
1742 , 1190.2234941974446
1743 , 1190.3009096238036
1744 , 1190.378294356352
1745 , 1190.455648488202
1746 , 1190.5329721123305
1747 , 1190.6102653215746
1748 , 1190.687528208633
1749 , 1190.7647608660657
1750 , 1190.8419633862954
1751 , 1190.9191358616058
1752 , 1190.996278384142
1753 , 1191.0733910459105
1754 , 1191.1504739387804
1755 , 1191.2275271544825
1756 , 1191.3045507846075
1757 , 1191.3815449206093
1758 , 1191.458509653803
1759 , 1191.5354450753655
1760 , 1191.6123512763347
1761 , 1191.6892283476107
1762 , 1191.7660763799554
1763 , 1191.842895463992
1764 , 1191.9196856902042
1765 , 1191.9964471489398
1766 , 1192.073179930406
1767 , 1192.1498841246728
1768 , 1192.2265598216713
1769 , 1192.3032071111948
1770 , 1192.3798260828976
1771 , 1192.4564168262953
1772 , 1192.5329794307668
1773 , 1192.6095139855506
1774 , 1192.6860205797484
1775 , 1192.7624993023223
1776 , 1192.8389502420964
1777 , 1192.9153734877573
1778 , 1192.9917691278524
1779 , 1193.0681372507904
1780 , 1193.1444779448423
1781 , 1193.2207912981407
1782 , 1193.297077398679
1783 , 1193.3733363343135
1784 , 1193.449568192761
1785 , 1193.5257730616008
1786 , 1193.6019510282729
1787 , 1193.6781021800796
1788 , 1193.7542266041849
1789 , 1193.830324387614
1790 , 1193.9063956172536
1791 , 1193.9824403798523
1792 , 1194.058458762021
1793 , 1194.1344508502311
1794 , 1194.2104167308162
1795 , 1194.2863564899708
1796 , 1194.362270213753
1797 , 1194.4381579880794
1798 , 1194.5140198987312
1799 , 1194.5898560313499
1800 , 1194.6656664714378
1801 , 1194.7414513043607
1802 , 1194.817210615345
1803 , 1194.8929444894782
1804 , 1194.96865301171
1805 , 1195.0443362668523
1806 , 1195.1199943395777
1807 , 1195.1956273144208
1808 , 1195.271235275778
1809 , 1195.3468183079067
1810 , 1195.422376494927
1811 , 1195.4979099208194
1812 , 1195.573418669426
1813 , 1195.6489028244523
1814 , 1195.724362469464
1815 , 1195.7997976878876
1816 , 1195.8752085630135
1817 , 1195.950595177992
1818 , 1196.0259576158358
1819 , 1196.1012959594182
1820 , 1196.1766102914755
1821 , 1196.2519006946052
1822 , 1196.3271672512656
1823 , 1196.4024100437769
1824 , 1196.4776291543221
1825 , 1196.5528246649449
1826 , 1196.6279966575498
1827 , 1196.7031452139051
1828 , 1196.7782704156386
1829 , 1196.853372344241
1830 , 1196.9284510810633
1831 , 1197.0035067073202
1832 , 1197.078539304086
1833 , 1197.153548952298
1834 , 1197.2285357327542
1835 , 1197.303499726114
1836 , 1197.3784410129006
1837 , 1197.4533596734957
1838 , 1197.528255788145
1839 , 1197.603129436955
1840 , 1197.6779806998934
1841 , 1197.75280965679
1842 , 1197.8276163873363
1843 , 1197.9024009710854
1844 , 1197.977163487452
1845 , 1198.0519040157117
1846 , 1198.1266226350024
1847 , 1198.201319424324
1848 , 1198.2759944625377
1849 , 1198.3506478283655
1850 , 1198.4252796003925
1851 , 1198.4998898570643
1852 , 1198.5744786766884
1853 , 1198.649046137434
1854 , 1198.723592317332
1855 , 1198.7981172942755
1856 , 1198.8726211460173
1857 , 1198.9471039501736
1858 , 1199.021565784222
1859 , 1199.0960067255014
1860 , 1199.1704268512117
1861 , 1199.244826238416
1862 , 1199.319204964038
1863 , 1199.3935631048619
1864 , 1199.4679007375357
1865 , 1199.542217938569
1866 , 1199.6165147843303
1867 , 1199.6907913510524
1868 , 1199.7650477148288
1869 , 1199.8392839516143
1870 , 1199.9135001372265
1871 , 1199.9876963473425
1872 , 1200.0618726575037
1873 , 1200.1360291431113
1874 , 1200.2101658794274
1875 , 1200.2842829415786
1876 , 1200.3583804045509
1877 , 1200.4324583431921
1878 , 1200.5065168322117
1879 , 1200.5805559461814
1880 , 1200.654575759535
1881 , 1200.728576346566
1882 , 1200.8025577814308
1883 , 1200.8765201381475
1884 , 1200.9504634905957
1885 , 1201.0243879125167
1886 , 1201.0982934775122
1887 , 1201.172180259048
1888 , 1201.2460483304494
1889 , 1201.3198977649035
1890 , 1201.3937286354599
1891 , 1201.4675410150303
1892 , 1201.541334976386
1893 , 1201.6151105921615
1894 , 1201.6888679348522
1895 , 1201.7626070768163
1896 , 1201.836328090272
1897 , 1201.9100310473
1898 , 1201.9837160198429
1899 , 1202.057383079704
1900 , 1202.1310322985491
1901 , 1202.204663747905
1902 , 1202.278277499161
1903 , 1202.351873623567
1904 , 1202.4254521922344
1905 , 1202.4990132761372
1906 , 1202.5725569461108
1907 , 1202.646083272852
1908 , 1202.7195923269187
1909 , 1202.793084178732
1910 , 1202.8665588985727
1911 , 1202.9400165565842
1912 , 1203.0134572227714
1913 , 1203.086880967001
1914 , 1203.1602878590015
1915 , 1203.2336779683621
1916 , 1203.307051364534
1917 , 1203.3804081168312
1918 , 1203.4537482944274
1919 , 1203.5270719663592
1920 , 1203.600379201525
1921 , 1203.673670068684
1922 , 1203.7469446364566
1923 , 1203.8202029733266
1924 , 1203.893445147638
1925 , 1203.966671227597
1926 , 1204.0398812812707
1927 , 1204.1130753765885
1928 , 1204.1862535813418
1929 , 1204.2594159631824
1930 , 1204.3325625896252
1931 , 1204.4056935280453
1932 , 1204.4788088456805
1933 , 1204.5519086096292
1934 , 1204.6249928868524
1935 , 1204.6980617441725
1936 , 1204.7711152482734
1937 , 1204.8441534657002
1938 , 1204.91717646286
1939 , 1204.9901843060215
1940 , 1205.0631770613154
1941 , 1205.1361547947333
1942 , 1205.2091175721293
1943 , 1205.2820654592188
1944 , 1205.3549985215768
1945 , 1205.427916824644
1946 , 1205.5008204337194
1947 , 1205.573709413965
1948 , 1205.6465838304036
1949 , 1205.7194437479206
1950 , 1205.7922892312627
1951 , 1205.8651203450377
1952 , 1205.9379371537157
1953 , 1206.010739721628
1954 , 1206.0835281129678
1955 , 1206.1563023917893
1956 , 1206.2290626220095
1957 , 1206.3018088674062
1958 , 1206.3745411916184
1959 , 1206.447259658148
1960 , 1206.5199643303567
1961 , 1206.5926552714702
1962 , 1206.665332544574
1963 , 1206.7379962126151
1964 , 1206.8106463384042
1965 , 1206.8832829846112
1966 , 1206.9559062137687
1967 , 1207.0285160882709
1968 , 1207.101112670374
1969 , 1207.173696022195
1970 , 1207.2462662057128
1971 , 1207.318823282768
1972 , 1207.3913673150632
1973 , 1207.4638983641628
1974 , 1207.5364164914909
1975 , 1207.6089217583358
1976 , 1207.6814142258459
1977 , 1207.7538939550311
1978 , 1207.8263610067638
1979 , 1207.898815441778
1980 , 1207.9712573206687
1981 , 1208.0436867038923
1982 , 1208.1161036517674
1983 , 1208.1885082244748
1984 , 1208.2609004820558
1985 , 1208.3332804844133
1986 , 1208.4056482913127
1987 , 1208.478003962381
1988 , 1208.5503475571059
1989 , 1208.622679134837
1990 , 1208.6949987547864
1991 , 1208.767306476027
1992 , 1208.839602357493
1993 , 1208.9118864579812
1994 , 1208.98415883615
1995 , 1209.0564195505183
1996 , 1209.1286686594672
1997 , 1209.2009062212398
1998 , 1209.2731322939408
1999 , 1209.3453469355356
2000 , 1209.4175502038527
2001 , 1209.4897421565809
2002 , 1209.5619228512712
2003 , 1209.634092345336
2004 , 1209.70625069605
2005 , 1209.7783979605488
2006 , 1209.8505341958294
2007 , 1209.922659458751
2008 , 1209.9947738060343
2009 , 1210.0668772942618
2010 , 1210.1389699798776
2011 , 1210.2110519191865
2012 , 1210.2831231683565
2013 , 1210.3551837834164
2014 , 1210.4272338202552
2015 , 1210.4992733346262
2016 , 1210.5713023821431
2017 , 1210.643321018281
2018 , 1210.7153292983758
2019 , 1210.7873272776274
2020 , 1210.8593150110953
2021 , 1210.931292553701
2022 , 1211.0032599602287
2023 , 1211.0752172853224
2024 , 1211.1471645834897
2025 , 1211.2191019090983
2026 , 1211.2910293163777
2027 , 1211.3629468594204
2028 , 1211.4348545921791
2029 , 1211.5067525684676
2030 , 1211.5786408419635
2031 , 1211.6505194662043
2032 , 1211.7223884945897
2033 , 1211.794247980381
2034 , 1211.8660979767005
2035 , 1211.937938536534
2036 , 1212.0097697127258
2037 , 1212.081591557985
2038 , 1212.15340412488
2039 , 1212.2252074658427
2040 , 1212.2970016331647
2041 , 1212.3687866790008
2042 , 1212.440562655367
2043 , 1212.5123296141405
2044 , 1212.58408760706
2045 , 1212.6558366857269
2046 , 1212.7275769016032
2047 , 1212.7993083060128
2048 , 1212.8710309501407
2049 , 1212.9427448850352
2050 , 1213.0144501616046
2051 , 1213.086146830619
2052 , 1213.157834942711
2053 , 1213.229514548374
2054 , 1213.301185697963
2055 , 1213.3728484416956
2056 , 1213.4445028296502
2057 , 1213.5161489117663
2058 , 1213.5877867378463
2059 , 1213.6594163575535
2060 , 1213.731037820413
2061 , 1213.8026511758112
2062 , 1213.8742564729966
2063 , 1213.9458537610788
2064 , 1214.0174430890295
2065 , 1214.0890245056823
2066 , 1214.1605980597308
2067 , 1214.2321637997331
2068 , 1214.303721774106
2069 , 1214.3752720311288
2070 , 1214.4468146189436
2071 , 1214.518349585553
2072 , 1214.5898769788218
2073 , 1214.661396846476
2074 , 1214.7329092361026
2075 , 1214.8044141951518
2076 , 1214.8759117709349
2077 , 1214.9474020106227
2078 , 1215.0188849612518
2079 , 1215.0903606697166
2080 , 1215.1618291827747
2081 , 1215.2332905470455
2082 , 1215.3047448090101
2083 , 1215.37619201501
2084 , 1215.4476322112496
2085 , 1215.5190654437947
2086 , 1215.5904917585722
2087 , 1215.661911201371
2088 , 1215.7333238178412
2089 , 1215.8047296534958
2090 , 1215.876128753708
2091 , 1215.9475211637125
2092 , 1216.018906928607
2093 , 1216.0902860933502
2094 , 1216.1616587027625
2095 , 1216.2330248015242
2096 , 1216.30438443418
2097 , 1216.375737645135
2098 , 1216.4470844786558
2099 , 1216.51842497887
2100 , 1216.589759189768
2101 , 1216.661087155202
2102 , 1216.732408918884
2103 , 1216.8037245243895
2104 , 1216.8750340151548
2105 , 1216.946337434478
2106 , 1217.0176348255186
2107 , 1217.088926231298
2108 , 1217.160211694699
2109 , 1217.2314912584666
2110 , 1217.3027649652058
2111 , 1217.3740328573854
2112 , 1217.4452949773352
2113 , 1217.5165513672448
2114 , 1217.5878020691673
2115 , 1217.6590471250179
2116 , 1217.7302865765719
2117 , 1217.8015204654662
2118 , 1217.8727488332008
2119 , 1217.9439717211362
2120 , 1218.0151891704945
2121 , 1218.0864012223599
2122 , 1218.157607917678
2123 , 1218.2288092972562
2124 , 1218.300005401763
2125 , 1218.371196271729
2126 , 1218.4423819475473
2127 , 1218.5135624694703
2128 , 1218.5847378776134
2129 , 1218.655908211954
2130 , 1218.7270735123313
2131 , 1218.7982338184445
2132 , 1218.8693891698558
2133 , 1218.9405396059888
2134 , 1219.0116851661287
2135 , 1219.0828258894219
2136 , 1219.1539618148765
2137 , 1219.2250929813636
2138 , 1219.2962194276136
2139 , 1219.3673411922198
2140 , 1219.4384583136377
2141 , 1219.5095708301833
2142 , 1219.5806787800348
2143 , 1219.6517822012315
2144 , 1219.7228811316754
2145 , 1219.7939756091287
2146 , 1219.8650656712164
2147 , 1219.9361513554247
2148 , 1220.0072326991017
2149 , 1220.078309739456
2150 , 1220.1493825135592
2151 , 1220.2204510583438
2152 , 1220.2915154106042
2153 , 1220.3625756069964
2154 , 1220.4336316840377
2155 , 1220.5046836781073
2156 , 1220.5757316254462
2157 , 1220.6467755621563
2158 , 1220.7178155242023
2159 , 1220.7888515474094
2160 , 1220.8598836674653
2161 , 1220.9309119199181
2162 , 1221.0019363401789
2163 , 1221.07295696352
2164 , 1221.143973825075
2165 , 1221.214986959839
2166 , 1221.285996402669
2167 , 1221.357002188284
2168 , 1221.4280043512642
2169 , 1221.499002926051
2170 , 1221.5699979469484
2171 , 1221.640989448122
2172 , 1221.7119774635971
2173 , 1221.782962027263
2174 , 1221.8539431728698
2175 , 1221.9249209340292
2176 , 1221.9958953442135
2177 , 1222.066866436758
2178 , 1222.1378342448597
2179 , 1222.2087988015762
2180 , 1222.2797601398274
2181 , 1222.3507182923943
2182 , 1222.4216732919206
2183 , 1222.4926251709098
2184 , 1222.563573961729
2185 , 1222.6345196966063
2186 , 1222.7054624076302
2187 , 1222.7764021267521
2188 , 1222.847338885785
2189 , 1222.9182727164027
2190 , 1222.989203650142
2191 , 1223.0601317183996
2192 , 1223.1310569524348
2193 , 1223.201979383369
2194 , 1223.2728990421842
2195 , 1223.3438159597245
2196 , 1223.414730166695
2197 , 1223.4856416936648
2198 , 1223.5565505710606
2199 , 1223.627456829174
2200 , 1223.6983604981576
2201 , 1223.7692616080246
2202 , 1223.8401601886505
2203 , 1223.9110562697722
2204 , 1223.9819498809889
2205 , 1224.05284105176
2206 , 1224.123729811408
2207 , 1224.1946161891165
2208 , 1224.2655002139306
2209 , 1224.336381914757
2210 , 1224.407261320364
2211 , 1224.4781384593812
2212 , 1224.5490133603012
2213 , 1224.6198860514762
2214 , 1224.6907565611218
2215 , 1224.7616249173145
2216 , 1224.8324911479924
2217 , 1224.9033552809549
2218 , 1224.9742173438638
2219 , 1225.0450773642415
2220 , 1225.1159353694732
2221 , 1225.1867913868045
2222 , 1225.2576454433442
2223 , 1225.328497566061
2224 , 1225.3993477817864
2225 , 1225.4701961172127
2226 , 1225.5410425988953
2227 , 1225.6118872532486
2228 , 1225.6827301065512
2229 , 1225.7535711849423
2230 , 1225.8244105144227
2231 , 1225.8952481208546
2232 , 1225.9660840299616
2233 , 1226.0369182673307
2234 , 1226.107750858409
2235 , 1226.1785818285039
2236 , 1226.2494112027875
2237 , 1226.3202390062918
2238 , 1226.39106526391
2239 , 1226.461890000398
2240 , 1226.532713240373
2241 , 1226.6035350083137
2242 , 1226.6743553285592
2243 , 1226.7451742253133
2244 , 1226.8159917226385
2245 , 1226.8868078444602
2246 , 1226.9576226145653
2247 , 1227.0284360566013
2248 , 1227.0992481940798
2249 , 1227.1700590503713
2250 , 1227.2408686487092
2251 , 1227.3116770121892
2252 , 1227.382484163767
2253 , 1227.4532901262614
2254 , 1227.5240949223512
2255 , 1227.5948985745792
2256 , 1227.6657011053471
2257 , 1227.7365025369202
2258 , 1227.8073028914243
2259 , 1227.8781021908483
2260 , 1227.9489004570403
2261 , 1228.0196977117128
2262 , 1228.090493976438
2263 , 1228.16128927265
2264 , 1228.232083621645
2265 , 1228.3028770445806
2266 , 1228.373669562476
2267 , 1228.4444611962124
2268 , 1228.5152519665323
2269 , 1228.5860418940388
2270 , 1228.656830999199
2271 , 1228.7276193023397
2272 , 1228.7984068236492
2273 , 1228.8691935831796
2274 , 1228.9399796008418
2275 , 1229.01076489641
2276 , 1229.0815494895198
2277 , 1229.1523333996686
2278 , 1229.2231166462145
2279 , 1229.2938992483782
2280 , 1229.3646812252416
2281 , 1229.4354625957483
2282 , 1229.5062433787034
2283 , 1229.5770235927735
2284 , 1229.6478032564876
2285 , 1229.7185823882355
2286 , 1229.789361006269
2287 , 1229.8601391287013
2288 , 1229.9309167735075
2289 , 1230.001693958524
2290 , 1230.0724707014488
2291 , 1230.1432470198417
2292 , 1230.2140229311246
2293 , 1230.2847984525804
2294 , 1230.3555736013534
2295 , 1230.4263483944505
2296 , 1230.497122848739
2297 , 1230.5678969809487
2298 , 1230.6386708076707
2299 , 1230.7094443453584
2300 , 1230.7802176103253
2301 , 1230.8509906187476
2302 , 1230.921763386663
2303 , 1230.9925359299714
2304 , 1231.0633082644333
2305 , 1231.1340804056706
2306 , 1231.204852369168
2307 , 1231.2756241702716
2308 , 1231.3463958241884
2309 , 1231.417167345987
2310 , 1231.4879387505994
2311 , 1231.5587100528164
2312 , 1231.6294812672918
2313 , 1231.7002524085422
2314 , 1231.7710234909446
2315 , 1231.841794528737
2316 , 1231.9125655360199
2317 , 1231.9833365267555
2318 , 1232.0541075147678
2319 , 1232.1248785137411
2320 , 1232.1956495372235
2321 , 1232.2664205986223
2322 , 1232.3371917112086
2323 , 1232.4079628881125
2324 , 1232.4787341423294
2325 , 1232.549505486713
2326 , 1232.6202769339807
2327 , 1232.6910484967095
2328 , 1232.7618201873404
2329 , 1232.832592018174
2330 , 1232.903364001374
2331 , 1232.974136148965
2332 , 1233.044908472833
2333 , 1233.1156809847266
2334 , 1233.1864536962541
2335 , 1233.2572266188881
2336 , 1233.327999763961
2337 , 1233.3987731426666
2338 , 1233.469546766062
2339 , 1233.5403206450635
2340 , 1233.6110947904517
2341 , 1233.6818692128668
2342 , 1233.7526439228118
2343 , 1233.8234189306506
2344 , 1233.8941942466092
2345 , 1233.9649698807743
2346 , 1234.0357458430958
2347 , 1234.1065221433844
2348 , 1234.1772987913116
2349 , 1234.2480757964117
2350 , 1234.3188531680803
2351 , 1234.3896309155748
2352 , 1234.4604090480132
2353 , 1234.5311875743769
2354 , 1234.6019665035071
2355 , 1234.6727458441078
2356 , 1234.7435256047443
2357 , 1234.814305793843
2358 , 1234.8850864196932
2359 , 1234.9558674904445
2360 , 1235.0266490141084
2361 , 1235.097430998559
2362 , 1235.1682134515308
2363 , 1235.2389963806204
2364 , 1235.3097797932862
2365 , 1235.3805636968486
2366 , 1235.451348098488
2367 , 1235.5221330052484
2368 , 1235.5929184240338
2369 , 1235.663704361611
2370 , 1235.7344908246084
2371 , 1235.8052778195142
2372 , 1235.876065352681
2373 , 1235.9468534303212
2374 , 1236.0176420585094
2375 , 1236.0884312431808
2376 , 1236.1592209901341
2377 , 1236.230011305029
2378 , 1236.300802193385
2379 , 1236.3715936605854
2380 , 1236.4423857118752
2381 , 1236.5131783523593
2382 , 1236.583971587005
2383 , 1236.6547654206418
2384 , 1236.7255598579602
2385 , 1236.796354903513
2386 , 1236.8671505617135
2387 , 1236.9379468368372
2388 , 1237.008743733022
2389 , 1237.079541254266
2390 , 1237.1503394044296
2391 , 1237.221138187236
2392 , 1237.2919376062675
2393 , 1237.3627376649702
2394 , 1237.43353836665
2395 , 1237.5043397144766
2396 , 1237.5751417114798
2397 , 1237.6459443605509
2398 , 1237.7167476644438
2399 , 1237.7875516257734
2400 , 1237.8583562470162
2401 , 1237.929161530511
2402 , 1237.9999674784574
2403 , 1238.0707740929163
2404 , 1238.141581375812
2405 , 1238.2123893289279
2406 , 1238.2831979539114
2407 , 1238.35400725227
2408 , 1238.424817225374
2409 , 1238.4956278744537
2410 , 1238.5664392006026
2411 , 1238.6372512047749
2412 , 1238.7080638877871
2413 , 1238.7788772503163
2414 , 1238.8496912929027
2415 , 1238.9205060159466
2416 , 1238.9913214197109
2417 , 1239.0621375043197
2418 , 1239.1329542697588
2419 , 1239.203771715876
2420 , 1239.27458984238
2421 , 1239.3454086488418
2422 , 1239.4162281346935
2423 , 1239.487048299229
2424 , 1239.5578691416047
2425 , 1239.6286906608368
2426 , 1239.6995128558044
2427 , 1239.7703357252483
2428 , 1239.8411592677703
2429 , 1239.911983481834
2430 , 1239.9828083657646
2431 , 1240.0536339177497
2432 , 1240.1244601358374
2433 , 1240.1952870179377
2434 , 1240.2661145618226
2435 , 1240.336942765126
2436 , 1240.4077716253425
2437 , 1240.4786011398285
2438 , 1240.5494313058027
2439 , 1240.620262120345
2440 , 1240.6910935803967
2441 , 1240.7619256827609
2442 , 1240.8327584241033
2443 , 1240.903591800949
2444 , 1240.9744258096869
2445 , 1241.0452604465663
2446 , 1241.1160957076986
2447 , 1241.186931589057
2448 , 1241.2577680864752
2449 , 1241.3286051956502
2450 , 1241.3994429121394
2451 , 1241.4702812313622
2452 , 1241.5411201485995
2453 , 1241.6119596589936
2454 , 1241.68279975755
2455 , 1241.7536404391333
2456 , 1241.8244816984713
2457 , 1241.8953235301537
2458 , 1241.966165928631
2459 , 1242.0370088882148
2460 , 1242.10785240308
2461 , 1242.1786964672622
2462 , 1242.2495410746583
2463 , 1242.320386219027
2464 , 1242.3912318939886
2465 , 1242.4620780930265
2466 , 1242.5329248094827
2467 , 1242.6037720365637
2468 , 1242.6746197673363
2469 , 1242.7454679947286
2470 , 1242.8163167115313
2471 , 1242.887165910396
2472 , 1242.9580155838362
2473 , 1243.0288657242272
2474 , 1243.0997163238053
2475 , 1243.170567374669
2476 , 1243.2414188687787
2477 , 1243.3122707979555
2478 , 1243.383123153882
2479 , 1243.4539759281045
2480 , 1243.524829112028
2481 , 1243.5956826969211
2482 , 1243.666536673914
2483 , 1243.7373910339975
2484 , 1243.8082457680243
2485 , 1243.8791008667095
2486 , 1243.9499563206289
2487 , 1244.0208121202204
2488 , 1244.0916682557836
2489 , 1244.1625247174788
2490 , 1244.2333814953295
2491 , 1244.3042385792198
2492 , 1244.3750959588956
2493 , 1244.4459536239642
2494 , 1244.5168115638949
2495 , 1244.5876697680185
2496 , 1244.6585282255273
2497 , 1244.7293869254754
2498 , 1244.8002458567785
2499 , 1244.8711050082138
2500 , 1244.9419643684196
2501 , 1245.0128239258977
2502 , 1245.0836836690094
2503 , 1245.1545435859784
2504 , 1245.2254036648899
2505 , 1245.2962638936917
2506 , 1245.3671242601918
2507 , 1245.4379847520609
2508 , 1245.5088453568299
2509 , 1245.5797060618936
2510 , 1245.6505668545062
2511 , 1245.7214277217845
2512 , 1245.7922886507074
2513 , 1245.8631496281143
2514 , 1245.9340106407067
2515 , 1246.0048716750482
2516 , 1246.075732717564
2517 , 1246.1465937545406
2518 , 1246.2174547721247
2519 , 1246.2883157563274
2520 , 1246.3591766930192
2521 , 1246.4300375679338
2522 , 1246.5008983666655
2523 , 1246.5717590746701
2524 , 1246.6426196772659
2525 , 1246.7134801596321
2526 , 1246.78434050681
2527 , 1246.8552007037022
2528 , 1246.9260607350727
2529 , 1246.996920585548
2530 , 1247.0677802396149
2531 , 1247.1386396816235
2532 , 1247.209498895784
2533 , 1247.280357866169
2534 , 1247.3512165767122
2535 , 1247.4220750112102
2536 , 1247.4929331533187
2537 , 1247.5637909865582
2538 , 1247.6346484943085
2539 , 1247.7055056598122
2540 , 1247.7763624661725
2541 , 1247.8472188963551
2542 , 1247.9180749331872
2543 , 1247.9889305593572
2544 , 1248.0597857574148
2545 , 1248.130640509773
2546 , 1248.2014947987045
2547 , 1248.2723486063448
2548 , 1248.3432019146908
2549 , 1248.414054705601
2550 , 1248.4849069607951
2551 , 1248.555758661854
2552 , 1248.6266097902221
2553 , 1248.6974603272042
2554 , 1248.7683102539663
2555 , 1248.8391595515363
2556 , 1248.9100082008044
2557 , 1248.980856182522
2558 , 1249.051703477302
2559 , 1249.1225500656185
2560 , 1249.193395927809
2561 , 1249.2642410440703
2562 , 1249.335085394462
2563 , 1249.405928958905
2564 , 1249.476771717183
2565 , 1249.5476136489394
2566 , 1249.6184547336802
2567 , 1249.6892949507733
2568 , 1249.760134279448
2569 , 1249.8309726987948
2570 , 1249.9018101877664
2571 , 1249.9726467251767
2572 , 1250.0434822897018
2573 , 1250.1143168598783
2574 , 1250.1851504141057
2575 , 1250.2559829306447
2576 , 1250.3268143876169
2577 , 1250.3976447630064
2578 , 1250.4684740346586
2579 , 1250.539302180281
2580 , 1250.6101291774419
2581 , 1250.6809550035705
2582 , 1250.7517796359612
2583 , 1250.8226030517656
2584 , 1250.8934252279992
2585 , 1250.9642461415392
2586 , 1251.0350657691238
2587 , 1251.1058840873534
2588 , 1251.1767010726887
2589 , 1251.247516701454
2590 , 1251.3183309498336
2591 , 1251.3891437938742
2592 , 1251.4599552094842
2593 , 1251.5307651724327
2594 , 1251.6015736583522
2595 , 1251.6723806427347
2596 , 1251.7431861009347
2597 , 1251.8139900081692
2598 , 1251.8847923395163
2599 , 1251.9555930699146
2600 , 1252.0263921741653
2601 , 1252.0971896269318
2602 , 1252.1679854027386
2603 , 1252.2387794759702
2604 , 1252.3095718208763
2605 , 1252.3803624115649
2606 , 1252.4511512220067
2607 , 1252.5219382260343
2608 , 1252.592723397343
2609 , 1252.6635067094867
2610 , 1252.734288135884
2611 , 1252.8050676498133
2612 , 1252.8758452244153
2613 , 1252.946620832693
2614 , 1253.0173944475087
2615 , 1253.088166041589
2616 , 1253.158935587521
2617 , 1253.2297030577524
2618 , 1253.3004684245946
2619 , 1253.3712316602196
2620 , 1253.4419927366598
2621 , 1253.5127516258117
2622 , 1253.5835082994308
2623 , 1253.654262729137
2624 , 1253.7250148864098
2625 , 1253.79576474259
2626 , 1253.8665122688822
2627 , 1253.9372574363506
2628 , 1254.0080002159218
2629 , 1254.0787405783842
2630 , 1254.1494784943877
2631 , 1254.2202139344433
2632 , 1254.2909468689245
2633 , 1254.3616772680655
2634 , 1254.432405101963
2635 , 1254.503130340575
2636 , 1254.5738529537202
2637 , 1254.64457291108
2638 , 1254.7152901821983
2639 , 1254.7860047364782
2640 , 1254.8567165431862
2641 , 1254.9274255714502
2642 , 1254.998131790259
2643 , 1255.0688351684644
2644 , 1255.1395356747776
2645 , 1255.2102332777733
2646 , 1255.2809279458875
2647 , 1255.3516196474168
2648 , 1255.4223083505215
2649 , 1255.4929940232214
2650 , 1255.5636766333987
2651 , 1255.6343561487972
2652 , 1255.7050325370228
2653 , 1255.7757057655422
2654 , 1255.846375801685
2655 , 1255.9170426126402
2656 , 1255.9877061654606
2657 , 1256.05836642706
2658 , 1256.1290233642133
2659 , 1256.1996769435573
2660 , 1256.2703271315906
2661 , 1256.3409738946727
2662 , 1256.411617199026
2663 , 1256.482257010734
2664 , 1256.5528932957413
2665 , 1256.6235260198548
2666 , 1256.6941551487419
2667 , 1256.764780647933
2668 , 1256.8354024828197
2669 , 1256.9060206186543
2670 , 1256.9766350205525
2671 , 1257.04724565349
2672 , 1257.1178524823051
2673 , 1257.1884554716971
2674 , 1257.2590545862272
2675 , 1257.3296497903184
2676 , 1257.4002410482547
2677 , 1257.4708283241825
2678 , 1257.5414115821095
2679 , 1257.6119907859052
2680 , 1257.6825658993
2681 , 1257.753136885886
2682 , 1257.8237037091185
2683 , 1257.894266332313
2684 , 1257.9648247186462
2685 , 1258.0353788311581
2686 , 1258.1059286327488
2687 , 1258.1764740861804
2688 , 1258.2470151540772
2689 , 1258.3175517989248
2690 , 1258.3880839830704
2691 , 1258.4586116687215
2692 , 1258.5291348179499
2693 , 1258.599653392687
2694 , 1258.6701673547268
2695 , 1258.7406766657243
2696 , 1258.8111812871964
2697 , 1258.8816811805218
2698 , 1258.9521763069401
2699 , 1259.022666627554
2700 , 1259.0931521033256
2701 , 1259.1636326950809
2702 , 1259.2341083635058
2703 , 1259.304579069149
2704 , 1259.3750447724203
2705 , 1259.445505433591
2706 , 1259.5159610127946
2707 , 1259.5864114700253
2708 , 1259.6568567651398
2709 , 1259.7272968578557
2710 , 1259.797731707753
2711 , 1259.8681612742726
2712 , 1259.9385855167175
2713 , 1260.0090043942523
2714 , 1260.0794178659028
2715 , 1260.1498258905567
2716 , 1260.2202284269636
2717 , 1260.2906254337342
2718 , 1260.361016869341
2719 , 1260.4314026921184
2720 , 1260.5017828602624
2721 , 1260.5721573318299
2722 , 1260.6425260647402
2723 , 1260.7128890167744
2724 , 1260.783246145574
2725 , 1260.8535974086435
2726 , 1260.9239427633481
2727 , 1260.9942821669154
2728 , 1261.064615576434
2729 , 1261.134942948854
2730 , 1261.205264240988
2731 , 1261.275579409509
2732 , 1261.345888410953
2733 , 1261.4161912017162
2734 , 1261.4864877380576
2735 , 1261.5567779760972
2736 , 1261.6270618718167
2737 , 1261.69733938106
2738 , 1261.7676104595314
2739 , 1261.8378750627978
2740 , 1261.9081331462874
2741 , 1261.9783846652908
2742 , 1262.0486295749579
2743 , 1262.1188678303033
2744 , 1262.1890993862014
2745 , 1262.2593241973882
2746 , 1262.3295422184622
2747 , 1262.3997534038826
2748 , 1262.4699577079707
2749 , 1262.5401550849094
2750 , 1262.6103454887436
2751 , 1262.6805288733785
2752 , 1262.750705192583
2753 , 1262.8208743999853
2754 , 1262.8910364490769
2755 , 1262.9611912932103
2756 , 1263.0313388856007
2757 , 1263.1014791793218
2758 , 1263.1716121273132
2759 , 1263.2417376823728
2760 , 1263.3118557971616
2761 , 1263.3819664242021
2762 , 1263.4520695158776
2763 , 1263.5221650244348
2764 , 1263.59225290198
2765 , 1263.6623331004823
2766 , 1263.7324055717718
2767 , 1263.8024702675414
2768 , 1263.872527139344
2769 , 1263.9425761385949
2770 , 1264.012617216572
2771 , 1264.0826503244127
2772 , 1264.152675413118
2773 , 1264.222692433549
2774 , 1264.2927013364297
2775 , 1264.3627020723445
2776 , 1264.432694591741
2777 , 1264.5026788449268
2778 , 1264.572654782072
2779 , 1264.642622353208
2780 , 1264.7125815082284
2781 , 1264.7825321968874
2782 , 1264.8524743688015
2783 , 1264.9224079734488
2784 , 1264.9923329601693
2785 , 1265.062249278164
2786 , 1265.132156876496
2787 , 1265.2020557040894
2788 , 1265.2719457097303
2789 , 1265.3418268420671
2790 , 1265.4116990496084
2791 , 1265.4815622807257
2792 , 1265.5514164836516
2793 , 1265.6212616064802
2794 , 1265.691097597167
2795 , 1265.7609244035302
2796 , 1265.8307419732491
2797 , 1265.9005502538632
2798 , 1265.9703491927762
2799 , 1266.040138737251
2800 , 1266.1099188344142
2801 , 1266.1796894312522
2802 , 1266.2494504746146
2803 , 1266.319201911211
2804 , 1266.3889436876138
2805 , 1266.4586757502573
2806 , 1266.5283980454358
2807 , 1266.5981105193075
2808 , 1266.66781311789
2809 , 1266.737505787064
2810 , 1266.807188472571
2811 , 1266.8768611200148
2812 , 1266.9465236748606
2813 , 1267.0161760824346
2814 , 1267.0858182879251
2815 , 1267.155450236382
2816 , 1267.2250718727175
2817 , 1267.2946831417044
2818 , 1267.3642839879774
2819 , 1267.433874356033
2820 , 1267.5034541902294
2821 , 1267.573023434786
2822 , 1267.6425820337845
2823 , 1267.7121299311675
2824 , 1267.7816670707393
2825 , 1267.8511933961668
2826 , 1267.9207088509775
2827 , 1267.99021337856
2828 , 1268.0597069221665
2829 , 1268.1291894249089
2830 , 1268.1986608297618
2831 , 1268.2681210795615
2832 , 1268.3375701170044
2833 , 1268.4070078846507
2834 , 1268.4764343249205
2835 , 1268.5458493800966
2836 , 1268.615252992323
2837 , 1268.6846451036051
2838 , 1268.75402565581
2839 , 1268.823394590667
2840 , 1268.8927518497667
2841 , 1268.9620973745605
2842 , 1269.031431106363
2843 , 1269.1007529863489
2844 , 1269.1700629555557
2845 , 1269.2393609548815
2846 , 1269.3086469250868
2847 , 1269.3779208067936
2848 , 1269.4471825404855
2849 , 1269.5164320665067
2850 , 1269.5856693250648
2851 , 1269.654894256228
2852 , 1269.724106799926
2853 , 1269.7933068959512
2854 , 1269.8624944839555
2855 , 1269.9316695034545
2856 , 1270.0008318938246
2857 , 1270.0699815943042
2858 , 1270.1391185439923
2859 , 1270.2082426818508
2860 , 1270.277353946702
2861 , 1270.3464522772313
2862 , 1270.4155376119845
2863 , 1270.4846098893693
2864 , 1270.5536690476551
2865 , 1270.6227150249733
2866 , 1270.6917477593163
2867 , 1270.7607671885385
2868 , 1270.8297732503559
2869 , 1270.898765882346
2870 , 1270.967745021948
2871 , 1271.0367106064623
2872 , 1271.1056625730516
2873 , 1271.1746008587404
2874 , 1271.2435254004138
2875 , 1271.312436134819
2876 , 1271.3813329985653
2877 , 1271.4502159281235
2878 , 1271.5190848598247
2879 , 1271.5879397298636
2880 , 1271.656780474295
2881 , 1271.7256070290366
2882 , 1271.7944193298665
2883 , 1271.863217312425
2884 , 1271.932000912214
2885 , 1272.0007700645974
2886 , 1272.0695247048
2887 , 1272.1382647679081
2888 , 1272.206990188871
2889 , 1272.275700902498
2890 , 1272.3443968434615
2891 , 1272.4130779462937
2892 , 1272.4817441453906
2893 , 1272.5503953750072
2894 , 1272.619031569263
2895 , 1272.6876526621372
2896 , 1272.7562585874707
2897 , 1272.8248492789673
2898 , 1272.8934246701913
2899 , 1272.9619846945689
2900 , 1273.0305292853877
2901 , 1273.0990583757975
2902 , 1273.1675718988092
2903 , 1273.236069787296
2904 , 1273.304551973991
2905 , 1273.3730183914913
2906 , 1273.4414689722541
2907 , 1273.509903648599
2908 , 1273.5783223527062
2909 , 1273.6467250166181
2910 , 1273.7151115722397
2911 , 1273.7834819513353
2912 , 1273.8518360855335
2913 , 1273.9201739063226
2914 , 1273.988495345053
2915 , 1274.0568003329374
2916 , 1274.1250888010495
2917 , 1274.1933606803245
2918 , 1274.2616159015595
2919 , 1274.3298543954131
2920 , 1274.3980760924055
2921 , 1274.4662809229194
2922 , 1274.5344688171967
2923 , 1274.6026397053445
2924 , 1274.670793517328
2925 , 1274.738930182977
2926 , 1274.8070496319801
2927 , 1274.8751517938902
2928 , 1274.94323659812
2929 , 1275.0113039739435
2930 , 1275.079353850499
2931 , 1275.1473861567836
2932 , 1275.215400821657
2933 , 1275.2833977738408
2934 , 1275.3513769419185
2935 , 1275.4193382543338
2936 , 1275.4872816393938
2937 , 1275.5552070252654
2938 , 1275.623114339979
2939 , 1275.6910035114254
2940 , 1275.758874467357
2941 , 1275.8267271353889
2942 , 1275.894561442996
2943 , 1275.9623773175172
2944 , 1276.0301746861505
2945 , 1276.0979534759579
2946 , 1276.165713613861
2947 , 1276.2334550266446
2948 , 1276.3011776409535
2949 , 1276.368881383296
2950 , 1276.4365661800402
2951 , 1276.5042319574175
2952 , 1276.5718786415193
2953 , 1276.6395061583
2954 , 1276.7071144335753
2955 , 1276.7747033930216
2956 , 1276.842272962178
2957 , 1276.9098230664445
2958 , 1276.9773536310831
2959 , 1277.044864581218
2960 , 1277.1123558418335
2961 , 1277.179827337777
2962 , 1277.247278993757
2963 , 1277.3147107343427
2964 , 1277.3821224839664
2965 , 1277.449514166922
2966 , 1277.5168857073634
2967 , 1277.5842370293074
2968 , 1277.6515680566326
2969 , 1277.7188787130783
2970 , 1277.7861689222461
2971 , 1277.8534386075992
2972 , 1277.9206876924618
2973 , 1277.9879161000208
2974 , 1278.0551237533234
2975 , 1278.1223105752792
2976 , 1278.1894764886606
2977 , 1278.2566214160988
2978 , 1278.323745280089
2979 , 1278.3908480029868
2980 , 1278.4579295070105
2981 , 1278.5249897142382
2982 , 1278.592028546612
2983 , 1278.6590459259337
2984 , 1278.7260417738676
2985 , 1278.7930160119395
2986 , 1278.8599685615366
2987 , 1278.9268993439082
2988 , 1278.9938082801646
2989 , 1279.060695291278
2990 , 1279.1275602980827
2991 , 1279.1944032212741
2992 , 1279.2612239814086
2993 , 1279.328022498906
2994 , 1279.3947986940454
2995 , 1279.4615524869703
2996 , 1279.528283797683
2997 , 1279.594992546049
2998 , 1279.6616786517952
2999 , 1279.7283420345104
3000 , 1279.7949826136446
3001 , 1279.8616003085092
3002 , 1279.9281950382779
3003 , 1279.9947667219847
3004 , 1280.0613152785281
3005 , 1280.1278406266642
3006 , 1280.194342685014
3007 , 1280.2608213720584
3008 , 1280.3272766061411
3009 , 1280.3937083054661
3010 , 1280.4601163881
3011 , 1280.526500771971
3012 , 1280.5928613748683
3013 , 1280.6591981144431
3014 , 1280.7255109082084
3015 , 1280.7917996735382
3016 , 1280.8580643276691
3017 , 1280.9243047876982
3018 , 1280.9905209705853
3019 , 1281.056712793151
3020 , 1281.1228801720777
3021 , 1281.1890230239098
3022 , 1281.2551412650535
3023 , 1281.3212348117754
3024 , 1281.387303580205
3025 , 1281.4533474863324
3026 , 1281.5193664460107
3027 , 1281.5853603749536
3028 , 1281.6513291887359
3029 , 1281.7172728027952
3030 , 1281.7831911324304
3031 , 1281.8490840928014
3032 , 1281.9149515989307
3033 , 1281.980793565702
3034 , 1282.04660990786
3035 , 1282.112400540012
3036 , 1282.1781653766263
3037 , 1282.2439043320335
3038 , 1282.3096173204242
3039 , 1282.3753042558528
3040 , 1282.4409650522339
3041 , 1282.5065996233443
3042 , 1282.5722078828217
3043 , 1282.6377897441664
3044 , 1282.7033451207396
3045 , 1282.7688739257649
3046 , 1282.8343760723262
3047 , 1282.8998514733707
3048 , 1282.965300041706
3049 , 1283.0307216900017
3050 , 1283.0961163307888
3051 , 1283.1614838764604
3052 , 1283.2268242392706
3053 , 1283.2921373313357
3054 , 1283.3574230646336
3055 , 1283.4226813510031
3056 , 1283.4879121021459
3057 , 1283.5531152296235
3058 , 1283.6182906448612
3059 , 1283.6834382591437
3060 , 1283.7485579836195
3061 , 1283.8136497292971
3062 , 1283.8787134070471
3063 , 1283.943748927602
3064 , 1284.0087562015558
3065 , 1284.0737351393636
3066 , 1284.138685651343
3067 , 1284.2036076476725
3068 , 1284.2685010383927
3069 , 1284.3333657334053
3070 , 1284.3982016424745
3071 , 1284.4630086752252
3072 , 1284.5277867411444
3073 , 1284.5925357495803
3074 , 1284.657255609744
3075 , 1284.7219462307057
3076 , 1284.7866075214004
3077 , 1284.8512393906221
3078 , 1284.9158417470278
3079 , 1284.9804144991358
3080 , 1285.0449575553255
3081 , 1285.1094708238393
3082 , 1285.173954212779
3083 , 1285.2384076301107
3084 , 1285.3028309836598
3085 , 1285.367224181115
3086 , 1285.431587130025
3087 , 1285.4959197378023
3088 , 1285.5602219117186
3089 , 1285.624493558909
3090 , 1285.688734586369
3091 , 1285.7529449009573
3092 , 1285.8171244093924
3093 , 1285.8812730182558
3094 , 1285.9453906339895
3095 , 1286.009477162898
3096 , 1286.0735325111477
3097 , 1286.137556584765
3098 , 1286.2015492896396
3099 , 1286.2655105315223
3100 , 1286.3294402160252
3101 , 1286.393338248622
3102 , 1286.4572045346492
3103 , 1286.521038979303
3104 , 1286.5848414876423
3105 , 1286.648611964588
3106 , 1286.7123503149219
3107 , 1286.7760564432876
3108 , 1286.8397302541905
3109 , 1286.903371651998
3110 , 1286.9669805409378
3111 , 1287.0305568251008
3112 , 1287.0941004084382
3113 , 1287.1576111947631
3114 , 1287.2210890877518
3115 , 1287.2845339909402
3116 , 1287.3479458077268
3117 , 1287.4113244413713
3118 , 1287.4746697949945
3119 , 1287.5379817715811
3120 , 1287.601260273975
3121 , 1287.6645052048823
3122 , 1287.727716466872
3123 , 1287.7908939623726
3124 , 1287.854037593676
3125 , 1287.917147262935
3126 , 1287.980222872164
3127 , 1288.0432643232398
3128 , 1288.106271517899
3129 , 1288.1692443577417
3130 , 1288.2321827442283
3131 , 1288.2950865786822
3132 , 1288.3579557622872
3133 , 1288.4207901960892
3134 , 1288.4835897809958
3135 , 1288.546354417776
3136 , 1288.6090840070608
3137 , 1288.671778449342
3138 , 1288.7344376449742
3139 , 1288.7970614941726
3140 , 1288.8596498970142
3141 , 1288.9222027534381
3142 , 1288.9847199632452
3143 , 1289.0472014260968
3144 , 1289.109647041517
3145 , 1289.1720567088917
3146 , 1289.234430327467
3147 , 1289.2967677963513
3148 , 1289.3590690145156
3149 , 1289.4213338807913
3150 , 1289.483562293872
3151 , 1289.5457541523128
3152 , 1289.60790935453
3153 , 1289.6700277988023
3154 , 1289.732109383269
3155 , 1289.7941540059333
3156 , 1289.856161564656
3157 , 1289.918131957164
3158 , 1289.9800650810423
3159 , 1290.0419608337395
3160 , 1290.1038191125656
3161 , 1290.1656398146915
3162 , 1290.22742283715
3163 , 1290.289168076836
3164 , 1290.3508754305058
3165 , 1290.4125447947758
3166 , 1290.4741760661273
3167 , 1290.5357691409
3168 , 1290.597323915297
3169 , 1290.658840285383
3170 , 1290.7203181470827
3171 , 1290.7817573961852
3172 , 1290.8431579283383
3173 , 1290.9045196390534
3174 , 1290.9658424237027
3175 , 1291.0271261775204
3176 , 1291.0883707956018
3177 , 1291.1495761729043
3178 , 1291.2107422042466
3179 , 1291.2718687843098
3180 , 1291.3329558076355
3181 , 1291.394003168627
3182 , 1291.455010761551
3183 , 1291.5159784805332
3184 , 1291.5769062195625
3185 , 1291.6377938724897
3186 , 1291.698641333026
3187 , 1291.7594484947451
3188 , 1291.8202152510823
3189 , 1291.880941495334
3190 , 1291.9416271206587
3191 , 1292.0022720200764
3192 , 1292.062876086468
3193 , 1292.123439212578
3194 , 1292.18396129101
3195 , 1292.2444422142312
3196 , 1292.3048818745694
3197 , 1292.365280164215
3198 , 1292.425636975218
3199 , 1292.4859521994929
3200 , 1292.5462257288123
3201 , 1292.6064574548134
3202 , 1292.666647268995
3203 , 1292.7267950627145
3204 , 1292.7869007271947
3205 , 1292.8469641535178
3206 , 1292.906985232627
3207 , 1292.96696385533
3208 , 1293.026899912293
3209 , 1293.0867932940455
3210 , 1293.1466438909795
3211 , 1293.2064515933453
3212 , 1293.2662162912584
3213 , 1293.3259378746939
3214 , 1293.385616233489
3215 , 1293.445251257343
3216 , 1293.5048428358161
3217 , 1293.5643908583304
3218 , 1293.6238952141698
3219 , 1293.6833557924804
3220 , 1293.7427724822676
3221 , 1293.8021451724019
3222 , 1293.8614737516114
3223 , 1293.92075810849
3224 , 1293.9799981314902
3225 , 1294.0391937089273
3226 , 1294.0983447289782
3227 , 1294.1574510796804
3228 , 1294.2165126489351
3229 , 1294.2755293245034
3230 , 1294.3345009940087
3231 , 1294.3934275449353
3232 , 1294.4523088646306
3233 , 1294.511144840302
3234 , 1294.5699353590192
3235 , 1294.6286803077137
3236 , 1294.6873795731785
3237 , 1294.7460330420686
3238 , 1294.8046406008998
3239 , 1294.863202136049
3240 , 1294.9217175337571
3241 , 1294.9801866801254
3242 , 1295.038609461115
3243 , 1295.096985762552
3244 , 1295.1553154701207
3245 , 1295.2135984693696
3246 , 1295.271834645708
3247 , 1295.3300238844056
3248 , 1295.3881660705968
3249 , 1295.4462610892745
3250 , 1295.5043088252935
3251 , 1295.5623091633724
3252 , 1295.62026198809
3253 , 1295.6781671838858
3254 , 1295.736024635064
3255 , 1295.7938342257864
3256 , 1295.8515958400794
3257 , 1295.9093093618299
3258 , 1295.966974674786
3259 , 1296.0245916625584
3260 , 1296.0821602086198
3261 , 1296.1396801963022
3262 , 1296.1971515088023
3263 , 1296.2545740291755
3264 , 1296.311947640341
3265 , 1296.3692722250787
3266 , 1296.4265476660303
3267 , 1296.4837738456988
3268 , 1296.5409506464493
3269 , 1296.5980779505073
3270 , 1296.6551556399634
3271 , 1296.7121835967653
3272 , 1296.769161702724
3273 , 1296.8260898395142
3274 , 1296.8829678886698
3275 , 1296.939795731586
3276 , 1296.996573249523
3277 , 1297.053300323598
3278 , 1297.109976834793
3279 , 1297.1666026639507
3280 , 1297.2231776917754
3281 , 1297.2797017988335
3282 , 1297.3361748655518
3283 , 1297.3925967722203
3284 , 1297.4489673989897
3285 , 1297.5052866258723
3286 , 1297.5615543327413
3287 , 1297.6177703993344
3288 , 1297.6739347052473
3289 , 1297.730047129939
3290 , 1297.7861075527317
3291 , 1297.8421158528051
3292 , 1297.898071909205
3293 , 1297.9539756008367
3294 , 1298.0098268064658
3295 , 1298.0656254047228
3296 , 1298.1213712740964
3297 , 1298.1770642929398
3298 , 1298.2327043394664
3299 , 1298.2882912917503
3300 , 1298.3438250277295
3301 , 1298.3993054252019
3302 , 1298.4547323618276
3303 , 1298.5101057151282
3304 , 1298.565425362487
3305 , 1298.6206911811491
3306 , 1298.6759030482212
3307 , 1298.7310608406708
3308 , 1298.786164435328
3309 , 1298.8412137088849
3310 , 1298.8962085378928
3311 , 1298.9511487987681
3312 , 1299.0060343677867
3313 , 1299.0608651210855
3314 , 1299.1156409346656
3315 , 1299.1703616843868
3316 , 1299.225027245972
3317 , 1299.2796374950067
3318 , 1299.3341923069354
3319 , 1299.3886915570663
3320 , 1299.4431351205694
3321 , 1299.497522872474
3322 , 1299.5518546876744
3323 , 1299.6061304409236
3324 , 1299.6603500068377
3325 , 1299.7145132598941
3326 , 1299.7686200744308
3327 , 1299.8226703246498
3328 , 1299.8766638846137
3329 , 1299.9306006282436
3330 , 1299.9844804293277
3331 , 1300.038303161513
3332 , 1300.0920686983059
3333 , 1300.1457769130795
3334 , 1300.1994276790642
3335 , 1300.2530208693531
3336 , 1300.3065563569032
3337 , 1300.36003401453
3338 , 1300.4134537149116
3339 , 1300.4668153305906
3340 , 1300.5201187339649
3341 , 1300.5733637973005
3342 , 1300.6265503927223
3343 , 1300.6796783922148
3344 , 1300.7327476676287
3345 , 1300.7857580906723
3346 , 1300.8387095329174
3347 , 1300.891601865797
3348 , 1300.9444349606063
3349 , 1300.9972086885002
3350 , 1301.0499229204988
3351 , 1301.1025775274795
3352 , 1301.1551723801847
3353 , 1301.207707349217
3354 , 1301.2601823050397
3355 , 1301.3125971179813
3356 , 1301.364951658227
3357 , 1301.417245795827
3358 , 1301.4694794006925
3359 , 1301.5216523425963
3360 , 1301.5737644911708
3361 , 1301.6258157159145
3362 , 1301.6778058861819
3363 , 1301.7297348711938
3364 , 1301.7816025400307
3365 , 1301.8334087616338
3366 , 1301.885153404809
3367 , 1301.93683633822
3368 , 1301.988457430394
3369 , 1302.0400165497203
3370 , 1302.0915135644498
3371 , 1302.1429483426932
3372 , 1302.1943207524253
3373 , 1302.2456306614804
3374 , 1302.2968779375565
3375 , 1302.3480624482108
3376 , 1302.3991840608633
3377 , 1302.450242642797
3378 , 1302.5012380611556
3379 , 1302.5521701829418
3380 , 1302.6030388750241
3381 , 1302.6538440041302
3382 , 1302.7045854368494
3383 , 1302.7552630396347
3384 , 1302.8058766787965
3385 , 1302.8564262205125
3386 , 1302.9069115308168
3387 , 1302.9573324756082
3388 , 1303.007688920647
3389 , 1303.0579807315532
3390 , 1303.1082077738095
3391 , 1303.1583699127614
3392 , 1303.2084670136148
3393 , 1303.2584989414363
3394 , 1303.308465561157
3395 , 1303.3583667375656
3396 , 1303.408202335317
3397 , 1303.457972218923
3398 , 1303.5076762527613
3399 , 1303.557314301069
3400 , 1303.6068862279444
3401 , 1303.6563918973484
3402 , 1303.7058311731034
3403 , 1303.7552039188931
3404 , 1303.8045099982633
3405 , 1303.8537492746223
3406 , 1303.9029216112365
3407 , 1303.9520268712374
3408 , 1304.0010649176177
3409 , 1304.05003561323
3410 , 1304.0989388207902
3411 , 1304.147774402875
3412 , 1304.1965422219223
3413 , 1304.2452421402338
3414 , 1304.2938740199702
3415 , 1304.3424377231545
3416 , 1304.3909331116727
3417 , 1304.4393600472702
3418 , 1304.4877183915562
3419 , 1304.5360080060002
3420 , 1304.5842287519336
3421 , 1304.6323804905508
3422 , 1304.680463082905
3423 , 1304.7284763899117
3424 , 1304.7764202723515
3425 , 1304.824294590862
3426 , 1304.872099205945
3427 , 1304.9198339779643
3428 , 1304.967498767143
3429 , 1305.0150934335677
3430 , 1305.0626178371865
3431 , 1305.110071837807
3432 , 1305.157455295103
3433 , 1305.204768068605
3434 , 1305.252010017707
3435 , 1305.2991810016672
3436 , 1305.3462808796005
3437 , 1305.3933095104867
3438 , 1305.4402667531676
3439 , 1305.4871524663436
3440 , 1305.5339665085803
3441 , 1305.5807087383027
3442 , 1305.6273790137973
3443 , 1305.6739771932141
3444 , 1305.7205031345625
3445 , 1305.766956695715
3446 , 1305.8133377344056
3447 , 1305.8596461082288
3448 , 1305.9058816746417
3449 , 1305.9520442909647
3450 , 1305.9981338143746
3451 , 1306.0441501019159
3452 , 1306.090093010491
3453 , 1306.1359623968644
3454 , 1306.1817581176638
3455 , 1306.2274800293771
3456 , 1306.2731279883535
3457 , 1306.3187018508058
3458 , 1306.3642014728055
3459 , 1306.4096267102889
3460 , 1306.4549774190523
3461 , 1306.5002534547523
3462 , 1306.54545467291
3463 , 1306.5905809289056
3464 , 1306.6356320779828
3465 , 1306.6806079752455
3466 , 1306.725508475661
3467 , 1306.7703334340547
3468 , 1306.8150827051184
3469 , 1306.8597561434017
3470 , 1306.904353603317
3471 , 1306.9488749391403
3472 , 1306.9933200050057
3473 , 1307.037688654911
3474 , 1307.0819807427163
3475 , 1307.1261961221403
3476 , 1307.170334646768
3477 , 1307.2143961700408
3478 , 1307.2583805452655
3479 , 1307.3022876256093
3480 , 1307.3461172641016
3481 , 1307.3898693136314
3482 , 1307.433543626953
3483 , 1307.4771400566774
3484 , 1307.5206584552818
3485 , 1307.5640986751025
3486 , 1307.6074605683377
3487 , 1307.650743987049
3488 , 1307.6939487831564
3489 , 1307.7370748084445
3490 , 1307.780121914558
3491 , 1307.8230899530042
3492 , 1307.8659787751492
3493 , 1307.9087882322265
3494 , 1307.9515181753247
3495 , 1307.9941684553978
3496 , 1308.0367389232608
3497 , 1308.0792294295902
3498 , 1308.121639824924
3499 , 1308.1639699596617
